  [1,] 9.413268 50.08771
  [2,] 9.402319 50.08386
  [3,] 9.402520 50.08012
  [4,] 9.408090 50.08018
  [5,] 9.408291 50.07644
  [6,] 9.420019 50.06535
  [7,] 9.414449 50.06529
  [8,] 9.408689 50.06897
  [9,] 9.403110 50.06891
 [10,] 9.403311 50.06517
 [11,] 9.392770 50.05385
 [12,] 9.404279 50.04650
 [13,] 9.404468 50.04276
 [14,] 9.410419 50.03535
 [15,] 9.416170 50.03167
 [16,] 9.427308 50.03178
 [17,] 9.421940 50.02799
 [18,] 9.410599 50.03161
 [19,] 9.410971 50.02414
 [20,] 9.422480 50.01678
 [21,] 9.427859 50.02058
 [22,] 9.444759 50.01702
 [23,] 9.439189 50.01696
 [24,] 9.439369 50.01322
 [25,] 9.428228 50.01311
 [26,] 9.422838 50.00932
 [27,] 9.423201 50.00185
 [28,] 9.417811 49.99806
 [29,] 9.418159 49.99060
 [30,] 9.440440 49.99082
 [31,] 9.446550 49.97968
 [32,] 9.452280 49.97600
 [33,] 9.452460 49.97227
 [34,] 9.447389 49.96103
 [35,] 9.453299 49.95361
 [36,] 9.459040 49.94993
 [37,] 9.459200 49.94620
 [38,] 9.481519 49.94642
 [39,] 9.481690 49.94269
 [40,] 9.487260 49.94274
 [41,] 9.476439 49.93517
 [42,] 9.476760 49.92771
 [43,] 9.471329 49.92393
 [44,] 9.476920 49.92398
 [45,] 9.477079 49.92024
 [46,] 9.471491 49.92020
 [47,] 9.460150 49.92384
 [48,] 9.454710 49.92006
 [49,] 9.443649 49.91626
 [50,] 9.432440 49.91618
 [51,] 9.438330 49.90877
 [52,] 9.438740 49.89761
 [53,] 9.444629 49.89021
 [54,] 9.444900 49.88277
 [55,] 9.439401 49.87901
 [56,] 9.422528 49.87893
 [57,] 9.422670 49.87521
 [58,] 9.411520 49.87144
 [59,] 9.411639 49.86773
 [60,] 9.406119 49.86399
 [61,] 9.406239 49.86028
 [62,] 9.394939 49.86024
 [63,] 9.389408 49.85651
 [64,] 9.378208 49.85276
 [65,] 9.378639 49.83793
 [66,] 9.384410 49.83424
 [67,] 9.378851 49.83051
 [68,] 9.373080 49.83421
 [69,] 9.367410 49.83419
 [70,] 9.361639 49.83789
 [71,] 9.350401 49.83416
 [72,] 9.344721 49.83415
 [73,] 9.338950 49.83785
 [74,] 9.327769 49.83043
 [75,] 9.327500 49.84154
 [76,] 9.315961 49.84892
 [77,] 9.315869 49.85262
 [78,] 9.310010 49.86002
 [79,] 9.304339 49.86001
 [80,] 9.298571 49.86370
 [81,] 9.298480 49.86740
 [82,] 9.292889 49.86370
 [83,] 9.275829 49.86368
 [84,] 9.270289 49.85629
 [85,] 9.270350 49.85259
 [86,] 9.258809 49.85999
 [87,] 9.258670 49.86737
 [88,] 9.270070 49.86738
 [89,] 9.269979 49.87107
 [90,] 9.275510 49.87847
 [91,] 9.281110 49.88217
 [92,] 9.280939 49.88957
 [93,] 9.286530 49.89328
 [94,] 9.292020 49.90069
 [95,] 9.297588 49.90440
 [96,] 9.286090 49.91178
 [97,] 9.280169 49.92286
 [98,] 9.280080 49.92656
 [99,] 9.268760 49.92653
[100,] 9.268849 49.92283
[101,] 9.263101 49.92652
[102,] 9.263018 49.93022
[103,] 9.257359 49.93020
[104,] 9.251609 49.93389
[105,] 9.251450 49.94128
[106,] 9.245708 49.94497
[107,] 9.240049 49.94495
[108,] 9.228560 49.95232
[109,] 9.222878 49.95231
[110,] 9.211460 49.95599
[111,] 9.217139 49.95600
[112,] 9.211398 49.95969
[113,] 9.200009 49.95966
[114,] 9.194239 49.96333
[115,] 9.199889 49.96704
[116,] 9.199829 49.97074
[117,] 9.205520 49.97075
[118,] 9.211129 49.97445
[119,] 9.211070 49.97815
[120,] 9.205329 49.98183
[121,] 9.199640 49.98181
[122,] 9.199579 49.98551
[123,] 9.193828 49.98918
[124,] 9.188128 49.98915
[125,] 9.182360 49.99280
[126,] 9.182310 49.99650
[127,] 9.176591 49.99645
[128,] 9.176530 50.00015
[129,] 9.170800 50.00009
[130,] 9.159270 50.00365
[131,] 9.153508 50.00358
[132,] 9.147699 50.00719
[133,] 9.147640 50.01088
[134,] 9.141821 50.01449
[135,] 9.136039 50.01441
[136,] 9.136089 50.01072
[137,] 9.130359 50.00694
[138,] 9.124570 50.00685
[139,] 9.124520 50.01054
[140,] 9.118660 50.01414
[141,] 9.118540 50.02152
[142,] 9.095579 50.00639
[143,] 9.101460 50.00279
[144,] 9.101580 49.99542
[145,] 9.107438 49.99182
[146,] 9.124919 49.98471
[147,] 9.130760 49.98112
[148,] 9.125030 49.97732
[149,] 9.125099 49.97364
[150,] 9.107739 49.97338
[151,] 9.101879 49.97698
[152,] 9.102009 49.96960
[153,] 9.107869 49.96601
[154,] 9.107930 49.96232
[155,] 9.113769 49.95872
[156,] 9.108049 49.95494
[157,] 9.107989 49.95863
[158,] 9.096409 49.95845
[159,] 9.096471 49.95477
[160,] 9.120030 49.92930
[161,] 9.125860 49.92569
[162,] 9.125979 49.91832
[163,] 9.120149 49.92192
[164,] 9.120331 49.91086
[165,] 9.126220 49.90357
[166,] 9.120570 49.89612
[167,] 9.109090 49.89227
[168,] 9.109149 49.88859
[169,] 9.114979 49.88498
[170,] 9.115050 49.88130
[171,] 9.109400 49.87385
[172,] 9.103570 49.87745
[173,] 9.103499 49.88114
[174,] 9.091949 49.88097
[175,] 9.091890 49.88466
[176,] 9.086169 49.88089
[177,] 9.080389 49.88081
[178,] 9.080519 49.87344
[179,] 9.069018 49.86959
[180,] 9.069089 49.86590
[181,] 9.063239 49.86950
[182,] 9.051531 49.87668
[183,] 9.051189 49.89509
[184,] 9.045258 49.90236
[185,] 9.045119 49.90972
[186,] 9.039319 49.90963
[187,] 9.044910 49.92077
[188,] 9.044639 49.93550
[189,] 9.038770 49.93908
[190,] 9.038619 49.94645
[191,] 9.032819 49.94635
[192,] 9.038540 49.95013
[193,] 9.044219 49.95760
[194,] 9.038410 49.95750
[195,] 9.038191 49.96854
[196,] 9.032220 49.97581
[197,] 9.032149 49.97949
[198,] 9.037961 49.97959
[199,] 9.037799 49.98696
[200,] 9.031889 49.99054
[201,] 9.037630 49.99433
[202,] 9.037539 49.99801
[203,] 9.049359 49.99085
[204,] 9.061069 49.98737
[205,] 9.066810 49.99115
[206,] 9.066730 49.99484
[207,] 9.060839 49.99842
[208,] 9.055020 49.99832
[209,] 9.054940 50.00200
[210,] 9.049040 50.00559
[211,] 9.054769 50.00937
[212,] 9.054680 50.01306
[213,] 9.048670 50.02032
[214,] 9.048080 50.04241
[215,] 9.042229 50.04231
[216,] 9.030430 50.04577
[217,] 9.018729 50.04555
[218,] 9.007158 50.04165
[219,] 9.001310 50.04155
[220,] 8.995350 50.04510
[221,] 8.995120 50.05247
[222,] 9.000829 50.05624
[223,] 9.006440 50.06372
[224,] 9.006319 50.06740
[225,] 9.012170 50.06751
[226,] 9.017891 50.07130
[227,] 9.017070 50.09337
[228,] 9.022770 50.09717
[229,] 9.028311 50.10463
[230,] 9.034000 50.10843
[231,] 9.033840 50.11211
[232,] 9.057228 50.11255
[233,] 9.062899 50.11635
[234,] 9.086290 50.11679
[235,] 9.091960 50.12058
[236,] 9.097979 50.11701
[237,] 9.109669 50.11722
[238,] 9.115319 50.12102
[239,] 9.115121 50.12471
[240,] 9.138388 50.12517
[241,] 9.156410 50.11445
[242,] 9.167789 50.11469
[243,] 9.173168 50.11850
[244,] 9.173929 50.10740
[245,] 9.168569 50.10360
[246,] 9.163441 50.09609
[247,] 9.163698 50.09239
[248,] 9.163910 50.08870
[249,] 9.169540 50.08877
[250,] 9.174830 50.09257
[251,] 9.174640 50.09630
[252,] 9.179939 50.10009
[253,] 9.185040 50.10759
[254,] 9.190339 50.11139
[255,] 9.190120 50.11510
[256,] 9.195440 50.11890
[257,] 9.206259 50.12278
[258,] 9.205860 50.13020
[259,] 9.200101 50.13381
[260,] 9.199889 50.13751
[261,] 9.210958 50.13770
[262,] 9.210749 50.14141
[263,] 9.227309 50.14168
[264,] 9.227120 50.14539
[265,] 9.232619 50.14548
[266,] 9.237930 50.14928
[267,] 9.243609 50.14566
[268,] 9.249088 50.14573
[269,] 9.254729 50.14208
[270,] 9.265710 50.14223
[271,] 9.265908 50.13849
[272,] 9.282489 50.13868
[273,] 9.282270 50.14242
[274,] 9.298890 50.14260
[275,] 9.316191 50.13157
[276,] 9.327069 50.13542
[277,] 9.332400 50.13922
[278,] 9.337959 50.13928
[279,] 9.349509 50.13192
[280,] 9.360850 50.12830
[281,] 9.377340 50.13221
[282,] 9.383129 50.12853
[283,] 9.383341 50.12479
[284,] 9.401310 50.10254
[285,] 9.401708 50.09507
[286,] 9.407689 50.08765
[287,] 9.413268 50.08771
