  [1,]  9.935190 50.42144
  [2,]  9.941180 50.41771
  [3,]  9.941529 50.40268
  [4,]  9.929750 50.40261
  [5,]  9.941909 50.38767
  [6,]  9.947780 50.38770
  [7,]  9.953749 50.38398
  [8,]  9.953850 50.38022
  [9,]  9.936200 50.38012
 [10,]  9.924540 50.37630
 [11,]  9.924829 50.36504
 [12,]  9.930798 50.36133
 [13,]  9.948430 50.36145
 [14,]  9.948519 50.35768
 [15,]  9.936870 50.35386
 [16,]  9.931099 50.35007
 [17,]  9.931291 50.34257
 [18,]  9.937260 50.33886
 [19,]  9.937360 50.33511
 [20,]  9.954950 50.33522
 [21,]  9.960910 50.33151
 [22,]  9.961099 50.32401
 [23,]  9.966959 50.32404
 [24,]  9.972910 50.32033
 [25,]  9.973099 50.31283
 [26,]  9.984809 50.31290
 [27,] 10.002110 50.32424
 [28,] 10.002019 50.32799
 [29,] 10.007879 50.32802
 [30,] 10.007959 50.32428
 [31,] 10.013820 50.32432
 [32,] 10.013909 50.32056
 [33,] 10.019931 50.31311
 [34,] 10.031798 50.30566
 [35,] 10.037649 50.30569
 [36,] 10.043579 50.30198
 [37,] 10.067129 50.29460
 [38,] 10.067052 50.29835
 [39,] 10.072820 50.30213
 [40,] 10.072650 50.30962
 [41,] 10.078589 50.30590
 [42,] 10.078660 50.30216
 [43,] 10.096200 50.30224
 [44,] 10.096350 50.29476
 [45,] 10.107899 50.30230
 [46,] 10.131540 50.28743
 [47,] 10.125769 50.28365
 [48,] 10.120078 50.27613
 [49,] 10.114148 50.27985
 [50,] 10.114091 50.28360
 [51,] 10.096719 50.27602
 [52,] 10.096799 50.27227
 [53,] 10.102629 50.27230
 [54,] 10.114458 50.26487
 [55,] 10.120290 50.26491
 [56,] 10.131889 50.26870
 [57,] 10.143640 50.26501
 [58,] 10.155170 50.27256
 [59,] 10.161139 50.26509
 [60,] 10.161210 50.26135
 [61,] 10.167111 50.25763
 [62,] 10.178711 50.26143
 [63,] 10.184489 50.26519
 [64,] 10.213651 50.26535
 [65,] 10.225379 50.26165
 [66,] 10.254559 50.26177
 [67,] 10.254511 50.26552
 [68,] 10.260241 50.27303
 [69,] 10.266020 50.27680
 [70,] 10.265970 50.28055
 [71,] 10.271750 50.28432
 [72,] 10.283440 50.28436
 [73,] 10.289329 50.28064
 [74,] 10.289170 50.29188
 [75,] 10.283290 50.29560
 [76,] 10.289129 50.29562
 [77,] 10.289081 50.29937
 [78,] 10.312460 50.29946
 [79,] 10.312510 50.29572
 [80,] 10.318359 50.29574
 [81,] 10.324159 50.29951
 [82,] 10.330010 50.29953
 [83,] 10.330139 50.28829
 [84,] 10.335990 50.28832
 [85,] 10.341879 50.28460
 [86,] 10.347730 50.28462
 [87,] 10.336120 50.27708
 [88,] 10.336220 50.26960
 [89,] 10.342109 50.26587
 [90,] 10.347951 50.26590
 [91,] 10.347990 50.26215
 [92,] 10.353879 50.25843
 [93,] 10.348090 50.25466
 [94,] 10.348270 50.23969
 [95,] 10.360039 50.23225
 [96,] 10.365879 50.23227
 [97,] 10.365970 50.22478
 [98,] 10.371759 50.22855
 [99,] 10.371809 50.22481
[100,] 10.354428 50.21351
[101,] 10.348689 50.20600
[102,] 10.337029 50.20596
[103,] 10.336979 50.20970
[104,] 10.325310 50.20965
[105,] 10.325360 50.20591
[106,] 10.331190 50.20594
[107,] 10.331441 50.18722
[108,] 10.337319 50.18350
[109,] 10.343149 50.18352
[110,] 10.343349 50.16855
[111,] 10.320041 50.16846
[112,] 10.320200 50.15723
[113,] 10.326181 50.14603
[114,] 10.326228 50.14229
[115,] 10.320410 50.14226
[116,] 10.320360 50.14600
[117,] 10.314489 50.14972
[118,] 10.308670 50.14970
[119,] 10.302740 50.15716
[120,] 10.296980 50.15339
[121,] 10.279520 50.15332
[122,] 10.279638 50.14583
[123,] 10.268069 50.14204
[124,] 10.262251 50.14202
[125,] 10.267949 50.14952
[126,] 10.262071 50.15324
[127,] 10.262130 50.14950
[128,] 10.250500 50.14945
[129,] 10.238789 50.15314
[130,] 10.227300 50.14560
[131,] 10.227369 50.14186
[132,] 10.221550 50.14183
[133,] 10.221491 50.14557
[134,] 10.192418 50.14544
[135,] 10.180731 50.14913
[136,] 10.169248 50.14159
[137,] 10.157629 50.14153
[138,] 10.151890 50.13776
[139,] 10.146229 50.13025
[140,] 10.146530 50.11528
[141,] 10.140809 50.11151
[142,] 10.129190 50.11145
[143,] 10.129350 50.10397
[144,] 10.117669 50.10766
[145,] 10.111860 50.10763
[146,] 10.111940 50.10388
[147,] 10.106139 50.10387
[148,] 10.100259 50.10757
[149,] 10.094541 50.10380
[150,] 10.094620 50.10006
[151,] 10.077219 50.09997
[152,] 10.077130 50.10371
[153,] 10.065700 50.09617
[154,] 10.059900 50.09615
[155,] 10.048119 50.10356
[156,] 10.013310 50.10338
[157,] 10.001901 50.09584
[158,] 10.002001 50.09210
[159,]  9.990400 50.09203
[160,]  9.990500 50.08829
[161,]  9.979100 50.08075
[162,]  9.973309 50.08072
[163,]  9.967809 50.06947
[164,]  9.956441 50.06192
[165,]  9.968229 50.05451
[166,]  9.962549 50.05074
[167,]  9.962649 50.04700
[168,]  9.957179 50.03575
[169,]  9.951500 50.03198
[170,]  9.951609 50.02824
[171,]  9.945841 50.02821
[172,]  9.945720 50.03194
[173,]  9.939931 50.03191
[174,]  9.940040 50.02817
[175,]  9.934260 50.02814
[176,]  9.928590 50.02437
[177,]  9.928478 50.02811
[178,]  9.916679 50.03553
[179,]  9.904659 50.05043
[180,]  9.898870 50.05039
[181,]  9.898979 50.04665
[182,]  9.893199 50.04662
[183,]  9.887529 50.04286
[184,]  9.881979 50.03534
[185,]  9.882100 50.03160
[186,]  9.858969 50.03147
[187,]  9.841500 50.03511
[188,]  9.835720 50.03508
[189,]  9.829810 50.03878
[190,]  9.829680 50.04252
[191,]  9.806540 50.04239
[192,]  9.806150 50.05360
[193,]  9.817459 50.06114
[194,]  9.811540 50.06485
[195,]  9.817070 50.07235
[196,]  9.828529 50.07616
[197,]  9.834199 50.07993
[198,]  9.834070 50.08367
[199,]  9.822350 50.08734
[200,]  9.816550 50.08731
[201,]  9.804831 50.09097
[202,]  9.804559 50.09845
[203,]  9.798499 50.10589
[204,]  9.804311 50.10592
[205,]  9.804040 50.11340
[206,]  9.786629 50.11329
[207,]  9.786771 50.10955
[208,]  9.780979 50.10951
[209,]  9.780430 50.12446
[210,]  9.774488 50.12816
[211,]  9.751321 50.12800
[212,]  9.745680 50.12423
[213,]  9.745391 50.13170
[214,]  9.750890 50.13921
[215,]  9.750601 50.14668
[216,]  9.744659 50.15038
[217,]  9.738870 50.15034
[218,]  9.738720 50.15407
[219,]  9.732928 50.15403
[220,]  9.726700 50.16520
[221,]  9.720899 50.16517
[222,]  9.697180 50.17994
[223,]  9.696369 50.19862
[224,]  9.690128 50.20978
[225,]  9.689960 50.21352
[226,]  9.678480 50.21344
[227,]  9.677978 50.22465
[228,]  9.637790 50.22435
[229,]  9.637610 50.22809
[230,]  9.620419 50.22795
[231,]  9.631689 50.23178
[232,]  9.660399 50.23199
[233,]  9.665810 50.23951
[234,]  9.654120 50.24316
[235,]  9.648179 50.24686
[236,]  9.636690 50.24677
[237,]  9.636500 50.25050
[238,]  9.642059 50.25427
[239,]  9.641879 50.25802
[240,]  9.647620 50.25807
[241,]  9.652840 50.26931
[242,]  9.664390 50.26940
[243,]  9.664210 50.27313
[244,]  9.669990 50.27317
[245,]  9.681390 50.27700
[246,]  9.692959 50.27707
[247,]  9.709859 50.28838
[248,]  9.709688 50.29212
[249,]  9.727219 50.29224
[250,]  9.738649 50.29980
[251,]  9.744089 50.31105
[252,]  9.742699 50.34466
[253,]  9.736641 50.34833
[254,]  9.730729 50.34828
[255,]  9.730419 50.35577
[256,]  9.741999 50.36342
[257,]  9.741769 50.37098
[258,]  9.753140 50.38619
[259,]  9.752629 50.40135
[260,]  9.758569 50.40138
[261,]  9.752390 50.40892
[262,]  9.752278 50.41269
[263,]  9.746389 50.41264
[264,]  9.746289 50.41642
[265,]  9.752180 50.41649
[266,]  9.757839 50.42409
[267,]  9.769670 50.42418
[268,]  9.775740 50.42042
[269,]  9.775870 50.41662
[270,]  9.781670 50.42044
[271,]  9.781549 50.42423
[272,]  9.799279 50.42433
[273,]  9.805289 50.42059
[274,]  9.811278 50.41685
[275,]  9.811390 50.41307
[276,]  9.823440 50.40562
[277,]  9.835259 50.40572
[278,]  9.847309 50.39829
[279,]  9.859120 50.39838
[280,]  9.864909 50.40218
[281,]  9.870600 50.40974
[282,]  9.876710 50.40226
[283,]  9.876819 50.39851
[284,]  9.882709 50.39855
[285,]  9.888500 50.40235
[286,]  9.900299 50.40243
[287,]  9.917780 50.41005
[288,]  9.923489 50.41760
[289,]  9.935190 50.42144
