  [1,] 10.73457 50.22597
  [2,] 10.74609 50.22604
  [3,] 10.75186 50.22235
  [4,] 10.76338 50.21869
  [5,] 10.76338 50.21497
  [6,] 10.75763 50.21120
  [7,] 10.75764 50.20748
  [8,] 10.76340 50.20752
  [9,] 10.76916 50.20383
 [10,] 10.78071 50.19273
 [11,] 10.78647 50.18905
 [12,] 10.78651 50.17416
 [13,] 10.77500 50.16663
 [14,] 10.77502 50.15920
 [15,] 10.78080 50.15551
 [16,] 10.78083 50.14435
 [17,] 10.79236 50.14444
 [18,] 10.79815 50.13704
 [19,] 10.80968 50.13714
 [20,] 10.80967 50.14084
 [21,] 10.80389 50.14453
 [22,] 10.84423 50.14484
 [23,] 10.84426 50.14112
 [24,] 10.85001 50.14488
 [25,] 10.84423 50.14855
 [26,] 10.85572 50.15607
 [27,] 10.86150 50.15240
 [28,] 10.86152 50.14868
 [29,] 10.86728 50.14872
 [30,] 10.87306 50.14505
 [31,] 10.87882 50.14510
 [32,] 10.88460 50.14142
 [33,] 10.88462 50.13771
 [34,] 10.87886 50.13767
 [35,] 10.87311 50.13391
 [36,] 10.87315 50.12649
 [37,] 10.86740 50.12273
 [38,] 10.86168 50.11155
 [39,] 10.86177 50.09299
 [40,] 10.86756 50.08932
 [41,] 10.86179 50.08927
 [42,] 10.86180 50.08556
 [43,] 10.86761 50.07819
 [44,] 10.86188 50.07071
 [45,] 10.85610 50.07067
 [46,] 10.85032 50.07432
 [47,] 10.84456 50.07056
 [48,] 10.83882 50.06308
 [49,] 10.84461 50.05942
 [50,] 10.83886 50.05565
 [51,] 10.83889 50.04823
 [52,] 10.84466 50.04828
 [53,] 10.83891 50.04451
 [54,] 10.83313 50.04446
 [55,] 10.82737 50.04069
 [56,] 10.82739 50.03697
 [57,] 10.82163 50.03320
 [58,] 10.81008 50.03308
 [59,] 10.79849 50.04040
 [60,] 10.79848 50.04411
 [61,] 10.78693 50.04399
 [62,] 10.78116 50.04022
 [63,] 10.77541 50.03272
 [64,] 10.77547 50.01786
 [65,] 10.76969 50.02151
 [66,] 10.75812 50.02139
 [67,] 10.75813 50.01767
 [68,] 10.75235 50.01760
 [69,] 10.75235 50.01389
 [70,] 10.75816 50.01023
 [71,] 10.76972 50.01036
 [72,] 10.76977 49.99550
 [73,] 10.76399 49.99543
 [74,] 10.76400 49.99171
 [75,] 10.75824 49.98793
 [76,] 10.74667 49.98780
 [77,] 10.75247 49.98415
 [78,] 10.75249 49.97671
 [79,] 10.76409 49.96942
 [80,] 10.76411 49.96570
 [81,] 10.75832 49.96563
 [82,] 10.76412 49.96199
 [83,] 10.75835 49.95820
 [84,] 10.73521 49.95792
 [85,] 10.72943 49.95413
 [86,] 10.74684 49.94320
 [87,] 10.74106 49.93941
 [88,] 10.74108 49.93569
 [89,] 10.72953 49.92812
 [90,] 10.72374 49.92803
 [91,] 10.72376 49.92060
 [92,] 10.71797 49.92052
 [93,] 10.71800 49.91681
 [94,] 10.71218 49.92045
 [95,] 10.71219 49.91673
 [96,] 10.70062 49.91286
 [97,] 10.69485 49.90906
 [98,] 10.70066 49.90170
 [99,] 10.71226 49.89814
[100,] 10.70068 49.89799
[101,] 10.68911 49.89039
[102,] 10.68913 49.88667
[103,] 10.69492 49.88675
[104,] 10.68914 49.88295
[105,] 10.68915 49.87924
[106,] 10.68337 49.87544
[107,] 10.68333 49.88287
[108,] 10.67175 49.88271
[109,] 10.67174 49.88643
[110,] 10.66594 49.88635
[111,] 10.66015 49.88255
[112,] 10.66017 49.87882
[113,] 10.65438 49.87502
[114,] 10.64277 49.87487
[115,] 10.63699 49.86734
[116,] 10.63118 49.86727
[117,] 10.63119 49.86354
[118,] 10.63700 49.86362
[119,] 10.63122 49.85983
[120,] 10.63122 49.85609
[121,] 10.61960 49.85594
[122,] 10.60799 49.84835
[123,] 10.60217 49.84828
[124,] 10.59632 49.85194
[125,] 10.60213 49.85574
[126,] 10.60792 49.86327
[127,] 10.60788 49.87073
[128,] 10.59624 49.86688
[129,] 10.59627 49.86314
[130,] 10.59045 49.85935
[131,] 10.59049 49.85188
[132,] 10.58465 49.85556
[133,] 10.57883 49.85551
[134,] 10.57881 49.85923
[135,] 10.58463 49.85930
[136,] 10.58459 49.86677
[137,] 10.57296 49.86666
[138,] 10.57296 49.86293
[139,] 10.56718 49.85914
[140,] 10.56137 49.85910
[141,] 10.55550 49.87027
[142,] 10.56129 49.87405
[143,] 10.54968 49.87397
[144,] 10.54389 49.87019
[145,] 10.52649 49.87010
[146,] 10.50911 49.87002
[147,] 10.50329 49.87374
[148,] 10.48590 49.87740
[149,] 10.47431 49.88109
[150,] 10.46853 49.88107
[151,] 10.46849 49.88481
[152,] 10.46268 49.88852
[153,] 10.46264 49.89226
[154,] 10.47425 49.88857
[155,] 10.47421 49.89231
[156,] 10.48584 49.88488
[157,] 10.48574 49.89609
[158,] 10.47996 49.89607
[159,] 10.48568 49.90357
[160,] 10.49154 49.89612
[161,] 10.49160 49.88864
[162,] 10.50318 49.88869
[163,] 10.50894 49.89245
[164,] 10.53217 49.88882
[165,] 10.53215 49.89256
[166,] 10.52634 49.89253
[167,] 10.52632 49.89626
[168,] 10.52052 49.89624
[169,] 10.50884 49.90740
[170,] 10.50876 49.91862
[171,] 10.52034 49.92240
[172,] 10.51451 49.92612
[173,] 10.49123 49.93351
[174,] 10.47964 49.93345
[175,] 10.47380 49.93717
[176,] 10.47377 49.94091
[177,] 10.46799 49.94088
[178,] 10.46791 49.94836
[179,] 10.44473 49.94827
[180,] 10.45048 49.95203
[181,] 10.44468 49.95200
[182,] 10.44446 49.97444
[183,] 10.43283 49.97813
[184,] 10.42123 49.97808
[185,] 10.40956 49.98551
[186,] 10.39797 49.98547
[187,] 10.39792 49.98920
[188,] 10.39208 49.99292
[189,] 10.39199 50.00040
[190,] 10.39774 50.00416
[191,] 10.40354 50.00419
[192,] 10.39770 50.00790
[193,] 10.39190 50.00788
[194,] 10.38605 50.01160
[195,] 10.38610 50.00786
[196,] 10.38030 50.00783
[197,] 10.37446 50.01154
[198,] 10.36286 50.01150
[199,] 10.35702 50.01521
[200,] 10.32804 50.01509
[201,] 10.32799 50.01882
[202,] 10.32214 50.02254
[203,] 10.32209 50.02628
[204,] 10.34522 50.03012
[205,] 10.35682 50.03017
[206,] 10.36267 50.02646
[207,] 10.35687 50.02643
[208,] 10.35697 50.01895
[209,] 10.36276 50.01898
[210,] 10.36851 50.02274
[211,] 10.37431 50.02277
[212,] 10.37427 50.02651
[213,] 10.38002 50.03027
[214,] 10.37422 50.03025
[215,] 10.37417 50.03399
[216,] 10.37988 50.04149
[217,] 10.39730 50.04157
[218,] 10.39734 50.03782
[219,] 10.40310 50.04159
[220,] 10.40883 50.04909
[221,] 10.40874 50.05657
[222,] 10.40289 50.06029
[223,] 10.40865 50.06405
[224,] 10.42032 50.06036
[225,] 10.42024 50.06784
[226,] 10.42606 50.06786
[227,] 10.43765 50.07165
[228,] 10.43761 50.07539
[229,] 10.43175 50.07910
[230,] 10.42594 50.07909
[231,] 10.41426 50.08278
[232,] 10.40262 50.08273
[233,] 10.39676 50.08645
[234,] 10.38514 50.08640
[235,] 10.37927 50.09012
[236,] 10.37918 50.09761
[237,] 10.39082 50.09765
[238,] 10.39659 50.10141
[239,] 10.40810 50.11268
[240,] 10.40797 50.12391
[241,] 10.40215 50.12388
[242,] 10.40206 50.13137
[243,] 10.39619 50.13509
[244,] 10.39615 50.13883
[245,] 10.40198 50.13885
[246,] 10.41934 50.15014
[247,] 10.42517 50.15016
[248,] 10.42509 50.15764
[249,] 10.43664 50.16891
[250,] 10.44248 50.16893
[251,] 10.44233 50.18390
[252,] 10.44814 50.18766
[253,] 10.44810 50.19140
[254,] 10.45394 50.19142
[255,] 10.45391 50.19515
[256,] 10.45972 50.19893
[257,] 10.46557 50.19895
[258,] 10.47720 50.20647
[259,] 10.50061 50.20654
[260,] 10.50058 50.21028
[261,] 10.50635 50.22153
[262,] 10.52385 50.23280
[263,] 10.52388 50.22906
[264,] 10.53561 50.22910
[265,] 10.55330 50.21792
[266,] 10.55332 50.21418
[267,] 10.56514 50.20299
[268,] 10.57104 50.19927
[269,] 10.58277 50.20304
[270,] 10.58862 50.20679
[271,] 10.59450 50.20680
[272,] 10.59448 50.21055
[273,] 10.60033 50.21430
[274,] 10.59443 50.21803
[275,] 10.60031 50.21804
[276,] 10.60616 50.22181
[277,] 10.61204 50.22181
[278,] 10.61202 50.22555
[279,] 10.61791 50.22182
[280,] 10.64139 50.21815
[281,] 10.66477 50.22942
[282,] 10.66480 50.21822
[283,] 10.68815 50.21830
[284,] 10.69396 50.21459
[285,] 10.69980 50.20715
[286,] 10.71722 50.20723
[287,] 10.71722 50.20350
[288,] 10.72302 50.19980
[289,] 10.72881 50.19984
[290,] 10.72880 50.20356
[291,] 10.73458 50.20733
[292,] 10.73457 50.22597
