  [1,] 10.44628 49.81752
  [2,] 10.45208 49.81380
  [3,] 10.46373 49.80265
  [4,] 10.47519 49.80267
  [5,] 10.47514 49.80640
  [6,] 10.48087 49.80641
  [7,] 10.48093 49.80268
  [8,] 10.48676 49.79524
  [9,] 10.48103 49.79523
 [10,] 10.46969 49.78778
 [11,] 10.46982 49.78034
 [12,] 10.49271 49.78036
 [13,] 10.51544 49.79530
 [14,] 10.52701 49.78787
 [15,] 10.53854 49.78792
 [16,] 10.53856 49.78419
 [17,] 10.53279 49.78416
 [18,] 10.52707 49.78040
 [19,] 10.52711 49.77667
 [20,] 10.53861 49.77671
 [21,] 10.53866 49.76924
 [22,] 10.55022 49.76181
 [23,] 10.55600 49.76186
 [24,] 10.55605 49.75065
 [25,] 10.55031 49.75063
 [26,] 10.54468 49.74693
 [27,] 10.49902 49.74695
 [28,] 10.49338 49.74325
 [29,] 10.49346 49.73954
 [30,] 10.49917 49.73954
 [31,] 10.49354 49.73584
 [32,] 10.48204 49.73954
 [33,] 10.46498 49.73583
 [34,] 10.45926 49.73582
 [35,] 10.45918 49.73953
 [36,] 10.44767 49.74322
 [37,] 10.43623 49.74320
 [38,] 10.43631 49.73950
 [39,] 10.43068 49.73579
 [40,] 10.42513 49.72837
 [41,] 10.42522 49.72467
 [42,] 10.41949 49.72466
 [43,] 10.42496 49.73578
 [44,] 10.42489 49.73948
 [45,] 10.41352 49.73577
 [46,] 10.39663 49.72461
 [47,] 10.37965 49.71717
 [48,] 10.37974 49.71347
 [49,] 10.37402 49.71345
 [50,] 10.37984 49.70977
 [51,] 10.37422 49.70605
 [52,] 10.36287 49.70232
 [53,] 10.35725 49.69860
 [54,] 10.35735 49.69490
 [55,] 10.34591 49.69487
 [56,] 10.34581 49.69857
 [57,] 10.34009 49.69855
 [58,] 10.34019 49.69484
 [59,] 10.33457 49.69113
 [60,] 10.34601 49.69117
 [61,] 10.35183 49.68749
 [62,] 10.36898 49.68754
 [63,] 10.36908 49.68385
 [64,] 10.37480 49.68386
 [65,] 10.37490 49.68017
 [66,] 10.36939 49.67276
 [67,] 10.36378 49.66905
 [68,] 10.37543 49.66171
 [69,] 10.36399 49.66166
 [70,] 10.36410 49.65797
 [71,] 10.37587 49.64695
 [72,] 10.38752 49.63963
 [73,] 10.38776 49.63226
 [74,] 10.39357 49.62861
 [75,] 10.38786 49.62858
 [76,] 10.37653 49.62484
 [77,] 10.36510 49.62479
 [78,] 10.36521 49.62110
 [79,] 10.35389 49.61736
 [80,] 10.33674 49.61728
 [81,] 10.33091 49.62094
 [82,] 10.31376 49.62085
 [83,] 10.31388 49.61716
 [84,] 10.30816 49.61713
 [85,] 10.30805 49.62082
 [86,] 10.30245 49.61711
 [87,] 10.29662 49.62076
 [88,] 10.28542 49.61333
 [89,] 10.27376 49.62065
 [90,] 10.25091 49.62052
 [91,] 10.24508 49.62419
 [92,] 10.22794 49.62409
 [93,] 10.22782 49.62779
 [94,] 10.22211 49.62775
 [95,] 10.21080 49.62399
 [96,] 10.20520 49.62026
 [97,] 10.20592 49.59810
 [98,] 10.20033 49.59437
 [99,] 10.18320 49.59427
[100,] 10.17761 49.59054
[101,] 10.17785 49.58316
[102,] 10.17202 49.58680
[103,] 10.16632 49.58677
[104,] 10.16036 49.59412
[105,] 10.15429 49.60516
[106,] 10.14846 49.60882
[107,] 10.14287 49.60509
[108,] 10.13133 49.60871
[109,] 10.11967 49.61603
[110,] 10.11396 49.61599
[111,] 10.11384 49.61969
[112,] 10.10217 49.62701
[113,] 10.09075 49.62693
[114,] 10.09037 49.63804
[115,] 10.08454 49.64171
[116,] 10.09000 49.64914
[117,] 10.09559 49.65288
[118,] 10.09546 49.65659
[119,] 10.10689 49.65666
[120,] 10.10701 49.65296
[121,] 10.11248 49.66040
[122,] 10.11236 49.66411
[123,] 10.11807 49.66414
[124,] 10.12392 49.66047
[125,] 10.14105 49.66058
[126,] 10.13521 49.66425
[127,] 10.12914 49.67533
[128,] 10.12902 49.67903
[129,] 10.13462 49.68277
[130,] 10.11711 49.69379
[131,] 10.10555 49.69743
[132,] 10.10532 49.70484
[133,] 10.09948 49.70852
[134,] 10.09936 49.71223
[135,] 10.08792 49.71216
[136,] 10.07648 49.71209
[137,] 10.05919 49.71569
[138,] 10.05907 49.71940
[139,] 10.05323 49.72308
[140,] 10.05262 49.74164
[141,] 10.04117 49.74157
[142,] 10.04677 49.74532
[143,] 10.05250 49.74536
[144,] 10.06371 49.75286
[145,] 10.06349 49.76029
[146,] 10.05763 49.76397
[147,] 10.05752 49.76769
[148,] 10.06324 49.76772
[149,] 10.06885 49.77147
[150,] 10.06277 49.78259
[151,] 10.06220 49.80118
[152,] 10.06782 49.80492
[153,] 10.06737 49.81982
[154,] 10.07300 49.82356
[155,] 10.07874 49.82360
[156,] 10.09001 49.83111
[157,] 10.10724 49.83120
[158,] 10.11862 49.83498
[159,] 10.12436 49.83501
[160,] 10.12416 49.84245
[161,] 10.14140 49.84254
[162,] 10.16448 49.83892
[163,] 10.16418 49.85009
[164,] 10.16983 49.85384
[165,] 10.16409 49.85381
[166,] 10.16360 49.87244
[167,] 10.17492 49.87994
[168,] 10.18067 49.87997
[169,] 10.18076 49.87624
[170,] 10.18642 49.87999
[171,] 10.18633 49.88372
[172,] 10.19200 49.88747
[173,] 10.20351 49.88752
[174,] 10.21493 49.89130
[175,] 10.21484 49.89502
[176,] 10.20908 49.89500
[177,] 10.20882 49.90619
[178,] 10.23178 49.91001
[179,] 10.23770 49.90258
[180,] 10.23194 49.90255
[181,] 10.23203 49.89882
[182,] 10.23787 49.89512
[183,] 10.23822 49.88020
[184,] 10.24980 49.87653
[185,] 10.25547 49.88028
[186,] 10.26123 49.88030
[187,] 10.26114 49.88403
[188,] 10.26689 49.88405
[189,] 10.26697 49.88032
[190,] 10.27265 49.88407
[191,] 10.28409 49.88784
[192,] 10.28415 49.88411
[193,] 10.29566 49.88416
[194,] 10.29605 49.86552
[195,] 10.30180 49.86554
[196,] 10.30188 49.86182
[197,] 10.30770 49.85811
[198,] 10.30204 49.85437
[199,] 10.30778 49.85439
[200,] 10.31943 49.84698
[201,] 10.32510 49.85072
[202,] 10.33085 49.85074
[203,] 10.34212 49.86195
[204,] 10.34794 49.85824
[205,] 10.36525 49.85457
[206,] 10.37668 49.85833
[207,] 10.37655 49.86578
[208,] 10.38812 49.86209
[209,] 10.39393 49.85838
[210,] 10.39399 49.85465
[211,] 10.38831 49.85091
[212,] 10.38844 49.84346
[213,] 10.40568 49.84350
[214,] 10.40574 49.83978
[215,] 10.39999 49.83976
[216,] 10.38864 49.83228
[217,] 10.37723 49.82853
[218,] 10.39446 49.82858
[219,] 10.41174 49.82489
[220,] 10.41180 49.82117
[221,] 10.44055 49.81751
[222,] 10.44635 49.81379
[223,] 10.44628 49.81752
