  [1,] 9.120030 49.92930
  [2,] 9.125680 49.93676
  [3,] 9.131389 49.94052
  [4,] 9.142970 49.93700
  [5,] 9.148841 49.92968
  [6,] 9.160451 49.92244
  [7,] 9.177679 49.92260
  [8,] 9.183358 49.92633
  [9,] 9.183299 49.93002
 [10,] 9.194820 49.92640
 [11,] 9.200541 49.92643
 [12,] 9.223300 49.93016
 [13,] 9.234529 49.93756
 [14,] 9.251609 49.93389
 [15,] 9.257359 49.93020
 [16,] 9.263018 49.93022
 [17,] 9.263101 49.92652
 [18,] 9.268849 49.92283
 [19,] 9.268760 49.92653
 [20,] 9.280080 49.92656
 [21,] 9.280169 49.92286
 [22,] 9.286090 49.91178
 [23,] 9.297588 49.90440
 [24,] 9.292020 49.90069
 [25,] 9.286530 49.89328
 [26,] 9.280939 49.88957
 [27,] 9.281110 49.88217
 [28,] 9.275510 49.87847
 [29,] 9.269979 49.87107
 [30,] 9.270070 49.86738
 [31,] 9.258670 49.86737
 [32,] 9.258809 49.85999
 [33,] 9.270350 49.85259
 [34,] 9.270289 49.85629
 [35,] 9.275829 49.86368
 [36,] 9.292889 49.86370
 [37,] 9.298480 49.86740
 [38,] 9.298571 49.86370
 [39,] 9.304339 49.86001
 [40,] 9.310010 49.86002
 [41,] 9.315869 49.85262
 [42,] 9.315961 49.84892
 [43,] 9.327500 49.84154
 [44,] 9.327769 49.83043
 [45,] 9.338950 49.83785
 [46,] 9.344721 49.83415
 [47,] 9.350401 49.83416
 [48,] 9.361639 49.83789
 [49,] 9.367410 49.83419
 [50,] 9.373080 49.83421
 [51,] 9.378851 49.83051
 [52,] 9.384410 49.83424
 [53,] 9.378639 49.83793
 [54,] 9.378208 49.85276
 [55,] 9.389408 49.85651
 [56,] 9.394939 49.86024
 [57,] 9.406239 49.86028
 [58,] 9.406119 49.86399
 [59,] 9.411639 49.86773
 [60,] 9.411520 49.87144
 [61,] 9.422670 49.87521
 [62,] 9.422528 49.87893
 [63,] 9.439401 49.87901
 [64,] 9.445039 49.87905
 [65,] 9.445299 49.87161
 [66,] 9.451049 49.86793
 [67,] 9.451188 49.86421
 [68,] 9.457080 49.85680
 [69,] 9.463111 49.84568
 [70,] 9.468870 49.84199
 [71,] 9.480250 49.83833
 [72,] 9.485879 49.83836
 [73,] 9.486009 49.83464
 [74,] 9.474759 49.83458
 [75,] 9.451710 49.84933
 [76,] 9.446079 49.84931
 [77,] 9.440579 49.84557
 [78,] 9.446329 49.84188
 [79,] 9.452230 49.83447
 [80,] 9.463630 49.83081
 [81,] 9.463879 49.82337
 [82,] 9.458370 49.81964
 [83,] 9.458618 49.81220
 [84,] 9.470160 49.80481
 [85,] 9.475799 49.80484
 [86,] 9.481702 49.79743
 [87,] 9.476309 49.78997
 [88,] 9.482080 49.78628
 [89,] 9.476560 49.78254
 [90,] 9.476929 49.77140
 [91,] 9.471400 49.76767
 [92,] 9.465738 49.76766
 [93,] 9.454290 49.77134
 [94,] 9.448269 49.78246
 [95,] 9.448160 49.78617
 [96,] 9.431159 49.78613
 [97,] 9.414469 49.77497
 [98,] 9.403311 49.76754
 [99,] 9.397629 49.76754
[100,] 9.386048 49.77494
[101,] 9.385948 49.77864
[102,] 9.380259 49.77864
[103,] 9.363460 49.76752
[104,] 9.323520 49.76754
[105,] 9.323769 49.75645
[106,] 9.335370 49.74903
[107,] 9.335541 49.74163
[108,] 9.329820 49.74164
[109,] 9.324188 49.73794
[110,] 9.312669 49.74166
[111,] 9.306949 49.74166
[112,] 9.307029 49.73796
[113,] 9.324279 49.73424
[114,] 9.329989 49.73424
[115,] 9.330080 49.73054
[116,] 9.341510 49.73053
[117,] 9.341430 49.73422
[118,] 9.352851 49.73421
[119,] 9.358649 49.73051
[120,] 9.375770 49.73050
[121,] 9.387288 49.72679
[122,] 9.381579 49.72679
[123,] 9.375970 49.72309
[124,] 9.358929 49.71940
[125,] 9.353199 49.71941
[126,] 9.353300 49.71570
[127,] 9.364729 49.71569
[128,] 9.365010 49.70458
[129,] 9.376540 49.70087
[130,] 9.387870 49.70456
[131,] 9.393579 49.70456
[132,] 9.393089 49.72308
[133,] 9.398600 49.73049
[134,] 9.410100 49.72678
[135,] 9.410299 49.71937
[136,] 9.415999 49.71937
[137,] 9.427620 49.71196
[138,] 9.428030 49.69713
[139,] 9.433828 49.69342
[140,] 9.428240 49.68971
[141,] 9.422740 49.68230
[142,] 9.417120 49.67860
[143,] 9.417229 49.67489
[144,] 9.411520 49.67489
[145,] 9.411618 49.67119
[146,] 9.405897 49.67120
[147,] 9.406000 49.66749
[148,] 9.417539 49.66377
[149,] 9.423360 49.66006
[150,] 9.429190 49.65634
[151,] 9.417959 49.64894
[152,] 9.418059 49.64523
[153,] 9.400890 49.64526
[154,] 9.395261 49.64157
[155,] 9.371959 49.65643
[156,] 9.355039 49.64536
[157,] 9.349309 49.64537
[158,] 9.326260 49.64912
[159,] 9.314630 49.65656
[160,] 9.314800 49.64916
[161,] 9.309059 49.64917
[162,] 9.309139 49.64547
[163,] 9.297659 49.64551
[164,] 9.297919 49.63441
[165,] 9.292089 49.63812
[166,] 9.286341 49.63814
[167,] 9.280679 49.63446
[168,] 9.286510 49.63074
[169,] 9.280850 49.62706
[170,] 9.286678 49.62334
[171,] 9.286760 49.61964
[172,] 9.292599 49.61592
[173,] 9.275520 49.60858
[174,] 9.275590 49.60488
[175,] 9.270020 49.59751
[176,] 9.270100 49.59381
[177,] 9.258590 49.59385
[178,] 9.252911 49.59017
[179,] 9.258670 49.59015
[180,] 9.258750 49.58645
[181,] 9.252999 49.58647
[182,] 9.247320 49.58280
[183,] 9.241560 49.58282
[184,] 9.235881 49.57915
[185,] 9.212850 49.57923
[186,] 9.201388 49.57559
[187,] 9.189790 49.57934
[188,] 9.172489 49.57939
[189,] 9.166650 49.58309
[190,] 9.155120 49.58310
[191,] 9.126409 49.57569
[192,] 9.114720 49.58303
[193,] 9.108949 49.58300
[194,] 9.097179 49.59398
[195,] 9.097038 49.60133
[196,] 9.091199 49.60498
[197,] 9.073871 49.60485
[198,] 9.073520 49.62323
[199,] 9.090629 49.63439
[200,] 9.090561 49.63807
[201,] 9.102109 49.63815
[202,] 9.113509 49.64559
[203,] 9.107670 49.64923
[204,] 9.107591 49.65292
[205,] 9.107520 49.65659
[206,] 9.113220 49.66031
[207,] 9.113149 49.66399
[208,] 9.107381 49.66395
[209,] 9.095709 49.67121
[210,] 9.095570 49.67857
[211,] 9.101339 49.67862
[212,] 9.101200 49.68598
[213,] 9.095429 49.68593
[214,] 9.095290 49.69328
[215,] 9.100990 49.69701
[216,] 9.112529 49.69712
[217,] 9.118230 49.70084
[218,] 9.135530 49.70097
[219,] 9.135369 49.70834
[220,] 9.129559 49.71198
[221,] 9.129479 49.71566
[222,] 9.141010 49.71575
[223,] 9.140939 49.71943
[224,] 9.146701 49.71947
[225,] 9.146559 49.72684
[226,] 9.152250 49.73056
[227,] 9.152109 49.73793
[228,] 9.163489 49.74538
[229,] 9.151970 49.74530
[230,] 9.157649 49.74903
[231,] 9.140260 49.75628
[232,] 9.134509 49.75623
[233,] 9.122909 49.75981
[234,] 9.117140 49.75975
[235,] 9.122699 49.77085
[236,] 9.122640 49.77454
[237,] 9.134101 49.77833
[238,] 9.139859 49.77838
[239,] 9.145550 49.78212
[240,] 9.145479 49.78581
[241,] 9.139660 49.78944
[242,] 9.139590 49.79314
[243,] 9.145290 49.79686
[244,] 9.139530 49.79681
[245,] 9.127959 49.80038
[246,] 9.122188 49.80032
[247,] 9.116488 49.79657
[248,] 9.105029 49.79275
[249,] 9.104960 49.79644
[250,] 9.099130 49.80004
[251,] 9.099000 49.80741
[252,] 9.093109 49.81469
[253,] 9.093041 49.81837
[254,] 9.087199 49.82198
[255,] 9.098620 49.82949
[256,] 9.092778 49.83310
[257,] 9.092660 49.84045
[258,] 9.104199 49.84062
[259,] 9.104131 49.84430
[260,] 9.098360 49.84422
[261,] 9.098301 49.84791
[262,] 9.075459 49.83286
[263,] 9.069679 49.83277
[264,] 9.069549 49.84014
[265,] 9.075259 49.84390
[266,] 9.075199 49.84758
[267,] 9.069410 49.84750
[268,] 9.063699 49.84373
[269,] 9.052198 49.83988
[270,] 9.052130 49.84356
[271,] 9.046280 49.84716
[272,] 9.052071 49.84724
[273,] 9.057780 49.85101
[274,] 9.057650 49.85836
[275,] 9.051859 49.85828
[276,] 9.046008 49.86187
[277,] 9.045940 49.86555
[278,] 9.051729 49.86564
[279,] 9.057450 49.86941
[280,] 9.063239 49.86950
[281,] 9.069089 49.86590
[282,] 9.069018 49.86959
[283,] 9.080519 49.87344
[284,] 9.080389 49.88081
[285,] 9.086169 49.88089
[286,] 9.091890 49.88466
[287,] 9.091949 49.88097
[288,] 9.103499 49.88114
[289,] 9.103570 49.87745
[290,] 9.109400 49.87385
[291,] 9.115050 49.88130
[292,] 9.114979 49.88498
[293,] 9.109149 49.88859
[294,] 9.109090 49.89227
[295,] 9.120570 49.89612
[296,] 9.126220 49.90357
[297,] 9.120331 49.91086
[298,] 9.120149 49.92192
[299,] 9.125979 49.91832
[300,] 9.125860 49.92569
[301,] 9.120030 49.92930
