  [1,] 10.039759 50.51588
  [2,] 10.051549 50.51968
  [3,] 10.069151 50.53101
  [4,] 10.069119 50.53477
  [5,] 10.074961 50.54230
  [6,] 10.080870 50.54232
  [7,] 10.098520 50.54989
  [8,] 10.098490 50.55364
  [9,] 10.104359 50.55742
 [10,] 10.104339 50.56117
 [11,] 10.110210 50.56495
 [12,] 10.127880 50.56501
 [13,] 10.127898 50.56125
 [14,] 10.122041 50.55748
 [15,] 10.133860 50.55000
 [16,] 10.139800 50.54252
 [17,] 10.151560 50.54255
 [18,] 10.151501 50.55005
 [19,] 10.163252 50.55006
 [20,] 10.175060 50.54257
 [21,] 10.180929 50.54257
 [22,] 10.175031 50.54632
 [23,] 10.174990 50.55006
 [24,] 10.180870 50.55006
 [25,] 10.180849 50.55380
 [26,] 10.204320 50.55380
 [27,] 10.204409 50.54259
 [28,] 10.210318 50.53885
 [29,] 10.222058 50.53885
 [30,] 10.227959 50.53511
 [31,] 10.227989 50.53138
 [32,] 10.233860 50.53138
 [33,] 10.233889 50.52764
 [34,] 10.228109 50.51643
 [35,] 10.234010 50.51270
 [36,] 10.257499 50.51271
 [37,] 10.269300 50.50524
 [38,] 10.281049 50.50524
 [39,] 10.281079 50.50151
 [40,] 10.292880 50.49405
 [41,] 10.304629 50.49405
 [42,] 10.310530 50.49032
 [43,] 10.310500 50.49405
 [44,] 10.322281 50.49032
 [45,] 10.328150 50.49032
 [46,] 10.328120 50.49405
 [47,] 10.333989 50.49405
 [48,] 10.334048 50.48660
 [49,] 10.339949 50.48287
 [50,] 10.345829 50.48287
 [51,] 10.340040 50.47168
 [52,] 10.340099 50.46422
 [53,] 10.346000 50.46049
 [54,] 10.351869 50.46049
 [55,] 10.357808 50.45304
 [56,] 10.357840 50.44930
 [57,] 10.369639 50.44185
 [58,] 10.369671 50.43812
 [59,] 10.381420 50.43813
 [60,] 10.375569 50.43440
 [61,] 10.369689 50.43440
 [62,] 10.375599 50.43066
 [63,] 10.381470 50.43067
 [64,] 10.381500 50.42694
 [65,] 10.399120 50.42696
 [66,] 10.399149 50.42322
 [67,] 10.405020 50.42323
 [68,] 10.405089 50.41577
 [69,] 10.399211 50.41576
 [70,] 10.399241 50.41203
 [71,] 10.393399 50.40828
 [72,] 10.387519 50.40827
 [73,] 10.387590 50.40080
 [74,] 10.393520 50.39334
 [75,] 10.399359 50.39709
 [76,] 10.417000 50.39339
 [77,] 10.428749 50.39340
 [78,] 10.428780 50.38967
 [79,] 10.440500 50.39342
 [80,] 10.440438 50.40089
 [81,] 10.458058 50.40091
 [82,] 10.458149 50.38972
 [83,] 10.464100 50.37853
 [84,] 10.475908 50.37108
 [85,] 10.493540 50.37111
 [86,] 10.493560 50.36738
 [87,] 10.499470 50.36366
 [88,] 10.493620 50.35991
 [89,] 10.493670 50.35244
 [90,] 10.505419 50.35247
 [91,] 10.517149 50.35622
 [92,] 10.517190 50.34875
 [93,] 10.523080 50.34878
 [94,] 10.523050 50.35250
 [95,] 10.528930 50.35251
 [96,] 10.528880 50.35997
 [97,] 10.534731 50.36371
 [98,] 10.558290 50.35628
 [99,] 10.558311 50.35255
[100,] 10.552460 50.34881
[101,] 10.552519 50.34134
[102,] 10.564321 50.33390
[103,] 10.581950 50.33393
[104,] 10.581979 50.33020
[105,] 10.605489 50.33024
[106,] 10.599691 50.31903
[107,] 10.599709 50.31529
[108,] 10.593829 50.31529
[109,] 10.593899 50.30405
[110,] 10.599779 50.30408
[111,] 10.611629 50.28913
[112,] 10.605769 50.28538
[113,] 10.599909 50.28536
[114,] 10.599918 50.28162
[115,] 10.605819 50.27790
[116,] 10.599939 50.27788
[117,] 10.599989 50.27040
[118,] 10.594109 50.27039
[119,] 10.594129 50.26666
[120,] 10.605890 50.26668
[121,] 10.605910 50.26294
[122,] 10.600060 50.25918
[123,] 10.605929 50.25920
[124,] 10.611829 50.25547
[125,] 10.611879 50.24799
[126,] 10.617760 50.24800
[127,] 10.617780 50.24426
[128,] 10.606049 50.24050
[129,] 10.606070 50.23676
[130,] 10.612000 50.22929
[131,] 10.612021 50.22555
[132,] 10.612039 50.22181
[133,] 10.606159 50.22181
[134,] 10.600310 50.21804
[135,] 10.594430 50.21803
[136,] 10.600329 50.21430
[137,] 10.594480 50.21055
[138,] 10.594499 50.20680
[139,] 10.588618 50.20679
[140,] 10.582770 50.20304
[141,] 10.571040 50.19927
[142,] 10.565139 50.20299
[143,] 10.553319 50.21418
[144,] 10.553301 50.21792
[145,] 10.535610 50.22910
[146,] 10.523880 50.22906
[147,] 10.523850 50.23280
[148,] 10.506349 50.22153
[149,] 10.500580 50.21028
[150,] 10.500610 50.20654
[151,] 10.477201 50.20647
[152,] 10.465570 50.19895
[153,] 10.459720 50.19893
[154,] 10.453910 50.19515
[155,] 10.448060 50.19514
[156,] 10.448030 50.19889
[157,] 10.442179 50.19887
[158,] 10.436229 50.21007
[159,] 10.436149 50.21756
[160,] 10.430280 50.22128
[161,] 10.424420 50.22126
[162,] 10.418629 50.21749
[163,] 10.412781 50.21747
[164,] 10.412740 50.22123
[165,] 10.406889 50.22119
[166,] 10.401089 50.21743
[167,] 10.395209 50.22115
[168,] 10.395170 50.22489
[169,] 10.377650 50.22483
[170,] 10.377600 50.22857
[171,] 10.371809 50.22481
[172,] 10.371759 50.22855
[173,] 10.365970 50.22478
[174,] 10.365879 50.23227
[175,] 10.360039 50.23225
[176,] 10.348270 50.23969
[177,] 10.348090 50.25466
[178,] 10.353879 50.25843
[179,] 10.347990 50.26215
[180,] 10.347951 50.26590
[181,] 10.342109 50.26587
[182,] 10.336220 50.26960
[183,] 10.336120 50.27708
[184,] 10.347730 50.28462
[185,] 10.341879 50.28460
[186,] 10.335990 50.28832
[187,] 10.330139 50.28829
[188,] 10.330010 50.29953
[189,] 10.324159 50.29951
[190,] 10.318359 50.29574
[191,] 10.312510 50.29572
[192,] 10.312460 50.29946
[193,] 10.289081 50.29937
[194,] 10.289129 50.29562
[195,] 10.283290 50.29560
[196,] 10.289170 50.29188
[197,] 10.289329 50.28064
[198,] 10.283440 50.28436
[199,] 10.271750 50.28432
[200,] 10.265970 50.28055
[201,] 10.266020 50.27680
[202,] 10.260241 50.27303
[203,] 10.254511 50.26552
[204,] 10.254559 50.26177
[205,] 10.225379 50.26165
[206,] 10.213651 50.26535
[207,] 10.184489 50.26519
[208,] 10.178711 50.26143
[209,] 10.167111 50.25763
[210,] 10.161210 50.26135
[211,] 10.161139 50.26509
[212,] 10.155170 50.27256
[213,] 10.143640 50.26501
[214,] 10.131889 50.26870
[215,] 10.120290 50.26491
[216,] 10.114458 50.26487
[217,] 10.102629 50.27230
[218,] 10.096799 50.27227
[219,] 10.096719 50.27602
[220,] 10.114091 50.28360
[221,] 10.114148 50.27985
[222,] 10.120078 50.27613
[223,] 10.125769 50.28365
[224,] 10.131540 50.28743
[225,] 10.107899 50.30230
[226,] 10.096350 50.29476
[227,] 10.096200 50.30224
[228,] 10.078660 50.30216
[229,] 10.078589 50.30590
[230,] 10.072650 50.30962
[231,] 10.072820 50.30213
[232,] 10.067052 50.29835
[233,] 10.067129 50.29460
[234,] 10.043579 50.30198
[235,] 10.037649 50.30569
[236,] 10.031798 50.30566
[237,] 10.019931 50.31311
[238,] 10.013909 50.32056
[239,] 10.013820 50.32432
[240,] 10.007959 50.32428
[241,] 10.007879 50.32802
[242,] 10.002019 50.32799
[243,] 10.002110 50.32424
[244,]  9.984809 50.31290
[245,]  9.973099 50.31283
[246,]  9.972910 50.32033
[247,]  9.966959 50.32404
[248,]  9.961099 50.32401
[249,]  9.960910 50.33151
[250,]  9.954950 50.33522
[251,]  9.937360 50.33511
[252,]  9.937260 50.33886
[253,]  9.931291 50.34257
[254,]  9.931099 50.35007
[255,]  9.936870 50.35386
[256,]  9.948519 50.35768
[257,]  9.948430 50.36145
[258,]  9.930798 50.36133
[259,]  9.924829 50.36504
[260,]  9.924540 50.37630
[261,]  9.936200 50.38012
[262,]  9.953850 50.38022
[263,]  9.953749 50.38398
[264,]  9.947780 50.38770
[265,]  9.941909 50.38767
[266,]  9.929750 50.40261
[267,]  9.941529 50.40268
[268,]  9.941180 50.41771
[269,]  9.935190 50.42144
[270,]  9.941080 50.42146
[271,]  9.946889 50.42525
[272,]  9.952870 50.42153
[273,]  9.958759 50.42156
[274,]  9.964568 50.42535
[275,]  9.958590 50.42908
[276,]  9.964491 50.42911
[277,]  9.964400 50.43286
[278,]  9.976030 50.44044
[279,]  9.987749 50.44425
[280,]  9.999259 50.45934
[281,] 10.010910 50.46690
[282,] 10.016820 50.46693
[283,] 10.022650 50.47071
[284,] 10.022591 50.47447
[285,] 10.028380 50.48200
[286,] 10.034280 50.48203
[287,] 10.034169 50.48955
[288,] 10.040019 50.49333
[289,] 10.039759 50.51588
