  [1,] 10.453910 50.19515
  [2,] 10.453940 50.19142
  [3,] 10.448098 50.19140
  [4,] 10.448139 50.18766
  [5,] 10.442330 50.18390
  [6,] 10.442478 50.16893
  [7,] 10.436639 50.16891
  [8,] 10.425090 50.15764
  [9,] 10.425170 50.15016
 [10,] 10.419340 50.15014
 [11,] 10.401980 50.13885
 [12,] 10.396150 50.13883
 [13,] 10.396189 50.13509
 [14,] 10.402060 50.13137
 [15,] 10.402149 50.12388
 [16,] 10.407970 50.12391
 [17,] 10.408100 50.11268
 [18,] 10.396590 50.10141
 [19,] 10.390819 50.09765
 [20,] 10.379180 50.09761
 [21,] 10.379268 50.09012
 [22,] 10.385140 50.08640
 [23,] 10.396759 50.08645
 [24,] 10.402620 50.08273
 [25,] 10.414260 50.08278
 [26,] 10.425941 50.07909
 [27,] 10.431750 50.07910
 [28,] 10.437610 50.07539
 [29,] 10.437651 50.07165
 [30,] 10.426059 50.06786
 [31,] 10.420240 50.06784
 [32,] 10.420320 50.06036
 [33,] 10.408649 50.06405
 [34,] 10.402889 50.06029
 [35,] 10.408740 50.05657
 [36,] 10.408829 50.04909
 [37,] 10.403099 50.04159
 [38,] 10.397340 50.03782
 [39,] 10.397299 50.04157
 [40,] 10.379879 50.04149
 [41,] 10.374170 50.03399
 [42,] 10.374220 50.03025
 [43,] 10.380018 50.03027
 [44,] 10.374270 50.02651
 [45,] 10.374309 50.02277
 [46,] 10.368509 50.02274
 [47,] 10.362761 50.01898
 [48,] 10.356969 50.01895
 [49,] 10.356869 50.02643
 [50,] 10.362670 50.02646
 [51,] 10.356819 50.03017
 [52,] 10.345220 50.03012
 [53,] 10.322090 50.02628
 [54,] 10.322140 50.02254
 [55,] 10.327990 50.01882
 [56,] 10.328038 50.01509
 [57,] 10.357020 50.01521
 [58,] 10.362859 50.01150
 [59,] 10.374459 50.01154
 [60,] 10.380299 50.00783
 [61,] 10.386099 50.00786
 [62,] 10.386049 50.01160
 [63,] 10.391899 50.00788
 [64,] 10.397700 50.00790
 [65,] 10.403539 50.00419
 [66,] 10.397739 50.00416
 [67,] 10.391991 50.00040
 [68,] 10.392079 49.99292
 [69,] 10.397919 49.98920
 [70,] 10.397969 49.98547
 [71,] 10.409558 49.98551
 [72,] 10.421230 49.97808
 [73,] 10.432830 49.97813
 [74,] 10.444461 49.97444
 [75,] 10.444680 49.95200
 [76,] 10.450480 49.95203
 [77,] 10.444730 49.94827
 [78,] 10.467911 49.94836
 [79,] 10.467991 49.94088
 [80,] 10.473768 49.94091
 [81,] 10.473800 49.93717
 [82,] 10.479639 49.93345
 [83,] 10.491229 49.93351
 [84,] 10.514510 49.92612
 [85,] 10.520340 49.92240
 [86,] 10.508760 49.91862
 [87,] 10.508840 49.90740
 [88,] 10.520520 49.89624
 [89,] 10.526321 49.89626
 [90,] 10.526339 49.89253
 [91,] 10.532148 49.89256
 [92,] 10.532169 49.88882
 [93,] 10.508940 49.89245
 [94,] 10.503181 49.88869
 [95,] 10.491598 49.88864
 [96,] 10.491541 49.89612
 [97,] 10.485679 49.90357
 [98,] 10.479958 49.89607
 [99,] 10.485741 49.89609
[100,] 10.485841 49.88488
[101,] 10.474210 49.89231
[102,] 10.474249 49.88857
[103,] 10.462639 49.89226
[104,] 10.462680 49.88852
[105,] 10.468490 49.88481
[106,] 10.468531 49.88107
[107,] 10.474311 49.88109
[108,] 10.485900 49.87740
[109,] 10.503290 49.87374
[110,] 10.509109 49.87002
[111,] 10.503349 49.86626
[112,] 10.491780 49.86621
[113,] 10.474409 49.86988
[114,] 10.468629 49.86985
[115,] 10.462819 49.87357
[116,] 10.462858 49.86983
[117,] 10.457090 49.86980
[118,] 10.457178 49.86233
[119,] 10.451460 49.85856
[120,] 10.451549 49.85108
[121,] 10.445899 49.84361
[122,] 10.451649 49.84363
[123,] 10.440210 49.83986
[124,] 10.440260 49.83614
[125,] 10.451750 49.83617
[126,] 10.463350 49.82874
[127,] 10.446280 49.81752
[128,] 10.446350 49.81379
[129,] 10.440550 49.81751
[130,] 10.411799 49.82117
[131,] 10.411739 49.82489
[132,] 10.394459 49.82858
[133,] 10.377229 49.82853
[134,] 10.388640 49.83228
[135,] 10.399988 49.83976
[136,] 10.405741 49.83978
[137,] 10.405679 49.84350
[138,] 10.388440 49.84346
[139,] 10.388310 49.85091
[140,] 10.393989 49.85465
[141,] 10.393930 49.85838
[142,] 10.388121 49.86209
[143,] 10.376549 49.86578
[144,] 10.376679 49.85833
[145,] 10.365250 49.85457
[146,] 10.347939 49.85824
[147,] 10.342119 49.86195
[148,] 10.330851 49.85074
[149,] 10.325100 49.85072
[150,] 10.319430 49.84698
[151,] 10.307779 49.85439
[152,] 10.302040 49.85437
[153,] 10.307699 49.85811
[154,] 10.301880 49.86182
[155,] 10.301801 49.86554
[156,] 10.296048 49.86552
[157,] 10.295658 49.88416
[158,] 10.284149 49.88411
[159,] 10.284089 49.88784
[160,] 10.272651 49.88407
[161,] 10.266969 49.88032
[162,] 10.266889 49.88405
[163,] 10.261141 49.88403
[164,] 10.261230 49.88030
[165,] 10.255470 49.88028
[166,] 10.249800 49.87653
[167,] 10.238220 49.88020
[168,] 10.237869 49.89512
[169,] 10.232029 49.89882
[170,] 10.231938 49.90255
[171,] 10.237700 49.90258
[172,] 10.231779 49.91001
[173,] 10.208819 49.90619
[174,] 10.209081 49.89500
[175,] 10.214840 49.89502
[176,] 10.214929 49.89130
[177,] 10.203508 49.88752
[178,] 10.191999 49.88747
[179,] 10.186239 49.88745
[180,] 10.191919 49.89120
[181,] 10.191718 49.89865
[182,] 10.185970 49.89863
[183,] 10.185879 49.90236
[184,] 10.180111 49.90233
[185,] 10.174178 49.90976
[186,] 10.174269 49.90603
[187,] 10.168510 49.90601
[188,] 10.168599 49.90228
[189,] 10.162839 49.90225
[190,] 10.162940 49.89852
[191,] 10.151419 49.89847
[192,] 10.139720 49.90588
[193,] 10.128299 49.90209
[194,] 10.122540 49.90206
[195,] 10.116680 49.90576
[196,] 10.099400 49.90568
[197,] 10.099311 49.90941
[198,] 10.105059 49.90944
[199,] 10.104760 49.92063
[200,] 10.110419 49.92439
[201,] 10.081609 49.92425
[202,] 10.081509 49.92798
[203,] 10.069981 49.92792
[204,] 10.069880 49.93165
[205,] 10.064110 49.93162
[206,] 10.064009 49.93536
[207,] 10.046389 49.94647
[208,] 10.046289 49.95021
[209,] 10.029091 49.94638
[210,] 10.034659 49.95388
[211,] 10.040409 49.95391
[212,] 10.040099 49.96512
[213,] 10.045560 49.97636
[214,] 10.045350 49.98384
[215,] 10.028019 49.98375
[216,] 10.005030 49.97990
[217,] 10.004918 49.98364
[218,] 10.010379 49.99488
[219,] 10.021930 49.99494
[220,] 10.022039 49.99120
[221,] 10.044949 49.99880
[222,] 10.044648 50.01002
[223,] 10.032890 50.01744
[224,] 10.038570 50.02121
[225,] 10.038280 50.03243
[226,] 10.026609 50.03611
[227,] 10.020829 50.03608
[228,] 10.009349 50.03228
[229,] 10.009449 50.02854
[230,]  9.997880 50.02848
[231,]  9.986209 50.03216
[232,]  9.985700 50.05087
[233,]  9.979809 50.05457
[234,]  9.974129 50.05080
[235,]  9.962549 50.05074
[236,]  9.968229 50.05451
[237,]  9.956441 50.06192
[238,]  9.967809 50.06947
[239,]  9.973309 50.08072
[240,]  9.979100 50.08075
[241,]  9.990500 50.08829
[242,]  9.990400 50.09203
[243,] 10.002001 50.09210
[244,] 10.001901 50.09584
[245,] 10.013310 50.10338
[246,] 10.048119 50.10356
[247,] 10.059900 50.09615
[248,] 10.065700 50.09617
[249,] 10.077130 50.10371
[250,] 10.077219 50.09997
[251,] 10.094620 50.10006
[252,] 10.094541 50.10380
[253,] 10.100259 50.10757
[254,] 10.106139 50.10387
[255,] 10.111940 50.10388
[256,] 10.111860 50.10763
[257,] 10.117669 50.10766
[258,] 10.129350 50.10397
[259,] 10.129190 50.11145
[260,] 10.140809 50.11151
[261,] 10.146530 50.11528
[262,] 10.146229 50.13025
[263,] 10.151890 50.13776
[264,] 10.157629 50.14153
[265,] 10.169248 50.14159
[266,] 10.180731 50.14913
[267,] 10.192418 50.14544
[268,] 10.221491 50.14557
[269,] 10.221550 50.14183
[270,] 10.227369 50.14186
[271,] 10.227300 50.14560
[272,] 10.238789 50.15314
[273,] 10.250500 50.14945
[274,] 10.262130 50.14950
[275,] 10.262071 50.15324
[276,] 10.267949 50.14952
[277,] 10.262251 50.14202
[278,] 10.268069 50.14204
[279,] 10.279638 50.14583
[280,] 10.279520 50.15332
[281,] 10.296980 50.15339
[282,] 10.302740 50.15716
[283,] 10.308670 50.14970
[284,] 10.314489 50.14972
[285,] 10.320360 50.14600
[286,] 10.320410 50.14226
[287,] 10.326228 50.14229
[288,] 10.326181 50.14603
[289,] 10.320200 50.15723
[290,] 10.320041 50.16846
[291,] 10.343349 50.16855
[292,] 10.343149 50.18352
[293,] 10.337319 50.18350
[294,] 10.331441 50.18722
[295,] 10.331190 50.20594
[296,] 10.325360 50.20591
[297,] 10.325310 50.20965
[298,] 10.336979 50.20970
[299,] 10.337029 50.20596
[300,] 10.348689 50.20600
[301,] 10.354428 50.21351
[302,] 10.371809 50.22481
[303,] 10.377600 50.22857
[304,] 10.377650 50.22483
[305,] 10.395170 50.22489
[306,] 10.395209 50.22115
[307,] 10.401089 50.21743
[308,] 10.406889 50.22119
[309,] 10.412740 50.22123
[310,] 10.412781 50.21747
[311,] 10.418629 50.21749
[312,] 10.424420 50.22126
[313,] 10.430280 50.22128
[314,] 10.436149 50.21756
[315,] 10.436229 50.21007
[316,] 10.442179 50.19887
[317,] 10.448030 50.19889
[318,] 10.448060 50.19514
[319,] 10.453910 50.19515
