  [1,] 10.029091 49.94638
  [2,] 10.046289 49.95021
  [3,] 10.046389 49.94647
  [4,] 10.064009 49.93536
  [5,] 10.064110 49.93162
  [6,] 10.069880 49.93165
  [7,] 10.069981 49.92792
  [8,] 10.081509 49.92798
  [9,] 10.081609 49.92425
 [10,] 10.110419 49.92439
 [11,] 10.104760 49.92063
 [12,] 10.105059 49.90944
 [13,] 10.099311 49.90941
 [14,] 10.099400 49.90568
 [15,] 10.116680 49.90576
 [16,] 10.122540 49.90206
 [17,] 10.128299 49.90209
 [18,] 10.139720 49.90588
 [19,] 10.151419 49.89847
 [20,] 10.162940 49.89852
 [21,] 10.162839 49.90225
 [22,] 10.168599 49.90228
 [23,] 10.168510 49.90601
 [24,] 10.174269 49.90603
 [25,] 10.174178 49.90976
 [26,] 10.180111 49.90233
 [27,] 10.185879 49.90236
 [28,] 10.185970 49.89863
 [29,] 10.191718 49.89865
 [30,] 10.191919 49.89120
 [31,] 10.186239 49.88745
 [32,] 10.191999 49.88747
 [33,] 10.186331 49.88372
 [34,] 10.186419 49.87999
 [35,] 10.180760 49.87624
 [36,] 10.180669 49.87997
 [37,] 10.174919 49.87994
 [38,] 10.163601 49.87244
 [39,] 10.164088 49.85381
 [40,] 10.169830 49.85384
 [41,] 10.164180 49.85009
 [42,] 10.164478 49.83892
 [43,] 10.141400 49.84254
 [44,] 10.124160 49.84245
 [45,] 10.124359 49.83501
 [46,] 10.118620 49.83498
 [47,] 10.107240 49.83120
 [48,] 10.090010 49.83111
 [49,] 10.078739 49.82360
 [50,] 10.073000 49.82356
 [51,] 10.067369 49.81982
 [52,] 10.067820 49.80492
 [53,] 10.062200 49.80118
 [54,] 10.062769 49.78259
 [55,] 10.068850 49.77147
 [56,] 10.063239 49.76772
 [57,] 10.057521 49.76769
 [58,] 10.057630 49.76397
 [59,] 10.063490 49.76029
 [60,] 10.063708 49.75286
 [61,] 10.052500 49.74536
 [62,] 10.046770 49.74532
 [63,] 10.041170 49.74157
 [64,] 10.052620 49.74164
 [65,] 10.053229 49.72308
 [66,] 10.059070 49.71940
 [67,] 10.059189 49.71569
 [68,] 10.076481 49.71209
 [69,] 10.087920 49.71216
 [70,] 10.099359 49.71223
 [71,] 10.099479 49.70852
 [72,] 10.105321 49.70484
 [73,] 10.105549 49.69743
 [74,] 10.117109 49.69379
 [75,] 10.134619 49.68277
 [76,] 10.129019 49.67903
 [77,] 10.129140 49.67533
 [78,] 10.135207 49.66425
 [79,] 10.141049 49.66058
 [80,] 10.123919 49.66047
 [81,] 10.118070 49.66414
 [82,] 10.112359 49.66411
 [83,] 10.112480 49.66040
 [84,] 10.107010 49.65296
 [85,] 10.106889 49.65666
 [86,] 10.095459 49.65659
 [87,] 10.095589 49.65288
 [88,] 10.089998 49.64914
 [89,] 10.084540 49.64171
 [90,] 10.090370 49.63804
 [91,] 10.090750 49.62693
 [92,] 10.102169 49.62701
 [93,] 10.113838 49.61969
 [94,] 10.113959 49.61599
 [95,] 10.108250 49.61595
 [96,] 10.102670 49.61221
 [97,] 10.102789 49.60851
 [98,] 10.097209 49.60478
 [99,] 10.097339 49.60107
[100,] 10.091760 49.59734
[101,] 10.086060 49.59730
[102,] 10.086181 49.59360
[103,] 10.075029 49.58613
[104,] 10.080729 49.58617
[105,] 10.081490 49.56400
[106,] 10.075781 49.56394
[107,] 10.087439 49.55665
[108,] 10.087690 49.54927
[109,] 10.093620 49.54193
[110,] 10.088059 49.53819
[111,] 10.070828 49.54175
[112,] 10.071079 49.53436
[113,] 10.065509 49.53063
[114,] 10.048539 49.52679
[115,] 10.042959 49.52305
[116,] 10.048659 49.52310
[117,] 10.048771 49.51941
[118,] 10.060299 49.51581
[119,] 10.066001 49.51586
[120,] 10.060670 49.50474
[121,] 10.054970 49.50469
[122,] 10.049400 49.50096
[123,] 10.038139 49.49717
[124,] 10.032560 49.49343
[125,] 10.027240 49.48231
[126,] 10.021670 49.47857
[127,] 10.010290 49.47846
[128,] 10.004469 49.48210
[129,]  9.998778 49.48205
[130,]  9.993219 49.47830
[131,]  9.981840 49.47819
[132,]  9.981710 49.48189
[133,]  9.976149 49.47814
[134,]  9.964769 49.47803
[135,]  9.964899 49.47434
[136,]  9.959210 49.47428
[137,]  9.942019 49.47781
[138,]  9.924579 49.48872
[139,]  9.929998 49.49616
[140,]  9.929741 49.50355
[141,]  9.935430 49.50361
[142,]  9.929609 49.50725
[143,]  9.929479 49.51095
[144,]  9.923660 49.51458
[145,]  9.923530 49.51828
[146,]  9.929219 49.51834
[147,]  9.934379 49.53318
[148,]  9.928430 49.54052
[149,]  9.933989 49.54427
[150,]  9.933850 49.54797
[151,]  9.928159 49.54792
[152,]  9.933720 49.55167
[153,]  9.933590 49.55537
[154,]  9.927760 49.55902
[155,]  9.922199 49.55527
[156,]  9.905119 49.55511
[157,]  9.904980 49.55881
[158,]  9.915829 49.57372
[159,]  9.915699 49.57742
[160,]  9.921390 49.57747
[161,]  9.921249 49.58118
[162,]  9.904160 49.58103
[163,]  9.898599 49.57727
[164,]  9.892910 49.57722
[165,]  9.887349 49.57347
[166,]  9.881660 49.57342
[167,]  9.881799 49.56971
[168,]  9.870679 49.56219
[169,]  9.876651 49.55485
[170,]  9.876790 49.55115
[171,]  9.871099 49.55109
[172,]  9.865820 49.53994
[173,]  9.860129 49.53988
[174,]  9.848620 49.54348
[175,]  9.848478 49.54718
[176,]  9.837099 49.54707
[177,]  9.825580 49.55066
[178,]  9.825299 49.55807
[179,]  9.836679 49.55818
[180,]  9.847779 49.56570
[181,]  9.847640 49.56940
[182,]  9.853331 49.56945
[183,]  9.852909 49.58057
[184,]  9.847209 49.58052
[185,]  9.846789 49.59164
[186,]  9.858169 49.59174
[187,]  9.869289 49.59925
[188,]  9.863450 49.60291
[189,]  9.880539 49.60306
[190,]  9.880400 49.60677
[191,]  9.874558 49.61042
[192,]  9.868580 49.61779
[193,]  9.874139 49.62155
[194,]  9.862459 49.62887
[195,]  9.862169 49.63629
[196,]  9.856319 49.63996
[197,]  9.839218 49.63980
[198,]  9.838929 49.64724
[199,]  9.833080 49.65090
[200,]  9.838781 49.65095
[201,]  9.838639 49.65467
[202,]  9.832930 49.65462
[203,]  9.832490 49.66576
[204,]  9.837760 49.67695
[205,]  9.843460 49.67700
[206,]  9.843020 49.68814
[207,]  9.836868 49.69925
[208,]  9.825158 49.70660
[209,]  9.813580 49.71024
[210,]  9.813430 49.71396
[211,]  9.802009 49.71387
[212,]  9.801708 49.72131
[213,]  9.807269 49.72508
[214,]  9.795839 49.72498
[215,]  9.795988 49.72127
[216,]  9.790429 49.71751
[217,]  9.784719 49.71747
[218,]  9.773440 49.71366
[219,]  9.756611 49.70610
[220,]  9.757231 49.69120
[221,]  9.740411 49.68363
[222,]  9.734711 49.68360
[223,]  9.734221 49.69476
[224,]  9.722460 49.70212
[225,]  9.721829 49.71703
[226,]  9.715949 49.72072
[227,]  9.715789 49.72445
[228,]  9.704669 49.71692
[229,]  9.704829 49.71320
[230,]  9.681969 49.71306
[231,]  9.682979 49.69070
[232,]  9.671889 49.68318
[233,]  9.660488 49.68311
[234,]  9.648780 49.69050
[235,]  9.637469 49.69042
[236,]  9.637129 49.69788
[237,]  9.631500 49.69784
[238,]  9.636459 49.71280
[239,]  9.642100 49.71284
[240,]  9.641920 49.71657
[241,]  9.647579 49.71661
[242,]  9.647408 49.72034
[243,]  9.641581 49.72403
[244,]  9.635949 49.72399
[245,]  9.630180 49.72767
[246,]  9.641410 49.72775
[247,]  9.641079 49.73522
[248,]  9.646889 49.73153
[249,]  9.652550 49.73157
[250,]  9.652379 49.73530
[251,]  9.646720 49.73526
[252,]  9.646540 49.73899
[253,]  9.652208 49.73903
[254,]  9.652028 49.74276
[255,]  9.640400 49.75014
[256,]  9.656839 49.76145
[257,]  9.650968 49.76515
[258,]  9.650460 49.77634
[259,]  9.656149 49.77637
[260,]  9.655659 49.78756
[261,]  9.655121 49.80249
[262,]  9.666669 49.79882
[263,]  9.683410 49.81011
[264,]  9.683109 49.81758
[265,]  9.677240 49.82128
[266,]  9.676957 49.82874
[267,]  9.688239 49.83254
[268,]  9.693960 49.83257
[269,]  9.705260 49.83636
[270,]  9.722770 49.82898
[271,]  9.734239 49.82903
[272,]  9.734079 49.83277
[273,]  9.739659 49.83652
[274,]  9.739820 49.83280
[275,]  9.750970 49.84032
[276,]  9.745240 49.84029
[277,]  9.750810 49.84405
[278,]  9.756080 49.85528
[279,]  9.755779 49.86275
[280,]  9.761511 49.86278
[281,]  9.767099 49.86654
[282,]  9.772841 49.86657
[283,]  9.778429 49.87033
[284,]  9.778279 49.87407
[285,]  9.801250 49.87419
[286,]  9.806841 49.87795
[287,]  9.812589 49.87798
[288,]  9.824370 49.87058
[289,]  9.824509 49.86684
[290,]  9.830259 49.86687
[291,]  9.835859 49.87064
[292,]  9.841600 49.87067
[293,]  9.835569 49.87811
[294,]  9.835150 49.88931
[295,]  9.841039 49.88561
[296,]  9.846639 49.88937
[297,]  9.881150 49.88956
[298,]  9.887030 49.88586
[299,]  9.892780 49.88590
[300,]  9.892650 49.88963
[301,]  9.904148 49.88969
[302,]  9.921538 49.88606
[303,]  9.927291 49.88609
[304,]  9.927040 49.89356
[305,]  9.921160 49.89726
[306,]  9.920390 49.91966
[307,]  9.914630 49.91962
[308,]  9.914250 49.93083
[309,]  9.925529 49.93836
[310,]  9.942579 49.94593
[311,]  9.954360 49.93852
[312,]  9.954479 49.93478
[313,]  9.977530 49.93491
[314,]  9.983180 49.93867
[315,]  9.988951 49.93870
[316,] 10.000709 49.93129
[317,] 10.006470 49.93131
[318,] 10.017891 49.93512
[319,] 10.012009 49.93882
[320,] 10.011799 49.94629
[321,] 10.023320 49.94635
[322,] 10.023429 49.94262
[323,] 10.029091 49.94638