Weibersbrunn
49.93699689229258,9.352455139160156
49.936527323065384,9.36460018157959
49.934096538617936,9.36957836151123
49.92763226524528,9.375972747802734
49.92641666400506,9.37507152557373
49.92638903634783,9.357905387878418
49.92945560962494,9.356575012207031
49.93373743506575,9.35361385345459
49.93086451031163,9.369277954101562
49.92998049900824,9.364900588989258
49.93597488282184,9.359579086303711
Rothenbuch
49.963064613447095,9.403910636901855
49.966680947252286,9.411420822143555
49.96963454504145,9.41103458404541
49.97330558682922,9.401164054870605
49.97490640458491,9.394598007202148
49.96742626472652,9.389104843139648
49.96124254082342,9.383955001831055
49.96383759311979,9.386787414550781
49.96016582913047,9.397773742675781
49.958978657557545,9.392194747924805
49.96888926176222,9.3967866897583
49.97123548491451,9.405112266540527
49.967591889264625,9.405112266540527
49.966239272192034,9.398031234741211
Eichenberg
50.0519861532547,9.254565238952637
50.05286792472709,9.263191223144531
50.051545261442556,9.26570177078247
50.04895494024145,9.264671802520752
50.04739792458608,9.262440204620361
50.04760461098767,9.259929656982422
50.0492167343734,9.258341789245605
50.05111814363676,9.253277778625488
50.05180704144455,9.259822368621826
50.050319009790364,9.261796474456787
Pflaumheim
49.90364610494038,9.053936004638672
49.90265102954051,9.057798385620117
49.903839589440175,9.061145782470703
49.90784730812574,9.067068099975586
49.91235213918154,9.066810607910156
49.91445240738076,9.064922332763672
49.91439713833686,9.06247615814209
49.91384444441405,9.059815406799316
49.91207578129306,9.056940078735352
49.90939502759144,9.053206443786621
49.907183984579966,9.053077697753906
49.90652065191214,9.057025909423828
49.91055578459883,9.061188697814941
Schweinheim
49.947795721559366,9.169807434082031
49.95453340632612,9.173927307128906
49.95817799043337,9.159164428710938
49.95881300338287,9.164958000183105
49.96088363960133,9.171309471130371
49.96173947656004,9.177532196044922
49.959061484431146,9.18208122253418
49.95685271903923,9.178690910339355
49.952904298465185,9.17208194732666
49.95135797561657,9.162297248840332
49.95392594882177,9.165773391723633
49.95864734863827,9.17182445526123
49.9571564302889,9.16633129119873
Nilkheim
49.95315281000628,9.114532470703125
49.95610723785004,9.121870994567871
49.9615462243831,9.127707481384277
49.96703980525461,9.122171401977539
49.96458295462076,9.112558364868164
49.959558442680546,9.112987518310547
49.95635573286217,9.11242961883545
49.967867928894975,9.116249084472656
49.96364434936523,9.123845100402832
49.961187325424945,9.118952751159668
Leider
49.97446480500581,9.110112190246582
49.969662147904224,9.115991592407227
49.9732779860561,9.129424095153809
49.976727960011786,9.127750396728516
49.97667276237564,9.11938190460205
49.97148390184598,9.122815132141113
49.974299204118836,9.11989688873291
Strietwald
49.99060815501116,9.106378555297852
49.992263576919676,9.109854698181152
49.993256802712814,9.118437767028809
49.99168418573357,9.123802185058594
49.98710399067781,9.123759269714355
49.986165824618666,9.119682312011719
49.985669141061614,9.116549491882324
49.98564154738029,9.113245010375977
49.98649694414077,9.109554290771484
49.98873194129436,9.10740852355957
49.99035983681003,9.117450714111328
Damm
49.9816402960333,9.148006439208984
49.985310421969686,9.148950576782227
49.990442609686184,9.14860725402832
49.992649833832395,9.14886474609375
49.99449830610663,9.14036750793457
49.99121514966071,9.131784439086914
49.98787658428091,9.133243560791016
49.987048804945566,9.12663459777832
49.9867176892225,9.128565788269043
49.98415146508207,9.116334915161133
49.98177827575801,9.113588333129883
49.981336739245855,9.126935005187988
49.980729619924816,9.135174751281738
49.98103318054305,9.144144058227539
49.99168418573357,9.138565063476562
49.99047020061325,9.143071174621582
49.98933895962393,9.136204719543457
49.98765584451778,9.142341613769531
49.98442740973088,9.141483306884766
49.98473094701628,9.134273529052734
49.98428943760436,9.12513256072998
Aschaffenburg
49.97727993289078,9.133672714233398
49.96899967482811,9.140453338623047
49.961767083950576,9.134960174560547
49.961325363802395,9.14710521697998
49.966211667366196,9.156289100646973
49.97311238108486,9.165129661560059
49.976037985008546,9.162468910217285
49.96601843314208,9.173755645751953
49.97926698282594,9.174613952636719
49.98804213843844,9.175043106079102
49.989918379064484,9.16585922241211
49.99124274014456,9.154186248779297
49.98340640662349,9.166889190673828
49.9852276402609,9.157705307006836
49.976562366913356,9.14586067199707
49.97799748816707,9.15487289428711
49.9717047158197,9.173498153686523
49.967785117172106,9.145259857177734
49.97330558682922,9.153327941894531
49.96607364299955,9.164915084838867
Glattbach
49.99892607384652,9.153499603271484
49.99991916202833,9.148778915405273
50.00158805568577,9.147298336029053
50.00347755956527,9.146182537078857
50.003836143157706,9.14064645767212
50.00659438905892,9.1396164894104
50.0092145760648,9.136419296264648
50.011793252223185,9.135797023773193
50.01136578071615,9.143714904785156
50.01268955110277,9.149787425994873
50.01120030685389,9.15384292602539
50.00990407522044,9.155237674713135
50.00742183196596,9.153177738189697
50.00560143876765,9.151482582092285
50.00320172421246,9.154572486877441
50.003946476032624,9.156761169433594
50.0021673275429,9.157147407531738
50.00961448677992,9.141912460327148
50.010055763707214,9.150409698486328
50.005808305103216,9.149208068847656
50.00156047113753,9.155817031860352
Steinbach
50.00907667504666,9.114081859588623
50.00881466202206,9.115862846374512
50.01253787092905,9.118351936340332
50.01499227311412,9.11890983581543
50.019252707296594,9.12039041519165
50.021155303443905,9.115197658538818
50.02094850316469,9.112493991851807
50.020328096985864,9.112000465393066
50.01922513288547,9.113781452178955
50.017529276186,9.115734100341797
50.01522667575344,9.117021560668945
50.01485438867449,9.115004539489746
50.01435800141573,9.114081859588623
50.012786074600385,9.113545417785645
50.01099346372482,9.115540981292725
Rauenthal
50.01471650383919,9.129338264465332
50.01522667575344,9.132106304168701
50.01387539777581,9.134488105773926
50.01335142262179,9.132041931152344
oberafferbach
50.019762831047636,9.119081497192383
50.020962289877666,9.123973846435547
50.02119666339291,9.127857685089111
50.02155511479279,9.13111925125122
50.023333545645315,9.131677150726318
50.025180838210346,9.129467010498047
50.02780001186156,9.128479957580566
50.02961956421344,9.134359359741211
50.03248659772342,9.136354923248291
50.03254173130579,9.141461849212646
50.03481593641985,9.144508838653564
50.03425084096319,9.148993492126465
50.031604451796746,9.149401187896729
50.031011750901015,9.146225452423096
50.03000552100179,9.144272804260254
50.0289165635219,9.140238761901855
50.02780001186156,9.137320518493652
50.026504228011405,9.137578010559082
50.02391255543631,9.139745235443115
50.0232232572748,9.138736724853516
50.02425720080794,9.135968685150146
50.023016465897605,9.134938716888428
50.02052111310006,9.1341233253479
50.01998342342458,9.131333827972412
50.01961117320093,9.125111103057861
Obernau
49.937908395964676,9.121527671813965
49.94108471340911,9.128823280334473
49.9417199517699,9.132428169250488
49.93981421155953,9.13839340209961
49.93663781035404,9.143757820129395
49.930394881325626,9.143414497375488
49.92912409759547,9.140024185180664
49.9323838668551,9.133973121643066
49.93492522890987,9.127922058105469
Gailbach
49.952517722407805,9.19581413269043
49.95065383001023,9.20079231262207
49.948568946378046,9.208087921142578
49.948541331419676,9.210255146026611
49.94597307108705,9.21377420425415
49.94358418990196,9.213387966156006
49.941609476134914,9.21428918838501
49.943238966060996,9.208645820617676
49.944385099685235,9.205126762390137
49.94533788880815,9.202895164489746
49.94805806708558,9.199419021606445
49.94641493208024,9.208731651306152
Dörrmorsbach
49.94507552846612,9.226627349853516
49.9487484432214,9.227120876312256
49.94894174676613,9.230124950408936
49.94660824499021,9.230811595916748
49.94493744350159,9.232828617095947
49.9430318305689,9.23398733139038
49.94221708899226,9.233150482177734
49.943404673813404,9.23128366470337
49.94325277506213,9.229824542999268
49.94398464645807,9.228451251983643
49.947077715970124,9.227914810180664
Großostheim
49.912683766557286,9.069299697875977
49.91608281567824,9.066553115844727
49.92138816957261,9.062776565551758
49.924980004833216,9.065394401550293
49.92917934975873,9.06848430633545
49.92509051859738,9.074792861938477
49.92926222788486,9.077153205871582
49.9288478358291,9.08268928527832
49.925532571120364,9.090499877929688
49.92442743221196,9.084062576293945
49.921609213316316,9.092988967895508
49.91685654948027,9.08745288848877
49.913540460056424,9.083633422851562
49.912379774883284,9.079856872558594
49.91483928891431,9.07646656036377
49.92312886161941,9.071617126464844
49.92221707838583,9.080801010131836
49.91917767639419,9.076423645019531
Sonneck
49.95541696719878,9.078376293182373
49.95189643295722,9.085285663604736
49.95120610194483,9.076616764068604
Stockstadt am Main
49.9746028053096,9.046382904052734
49.97708674310342,9.056425094604492
49.97946016385932,9.054837226867676
49.98382032941403,9.055867195129395
49.9852276402609,9.058914184570312
49.9838479241401,9.062948226928711
49.982330190699514,9.064278602600098
49.980288073788145,9.066081047058105
49.9779698900851,9.069900512695312
49.975485997882366,9.077668190002441
49.97285017204823,9.075007438659668
49.96964834647482,9.076144695281982
49.967440066793124,9.076552391052246
49.96640490081456,9.074342250823975
49.96369956194568,9.07543659210205
49.96262290520429,9.071853160858154
49.96539731788205,9.067690372467041
49.967357254334104,9.062132835388184
49.97452000517482,9.056639671325684
49.97766631013854,9.061574935913086
49.9726983661635,9.066638946533203
Mainaschaff
49.9850068883409,9.067668914794922
49.98898026790062,9.082088470458984
49.984896512001,9.092817306518555
49.98097798784585,9.10715103149414
49.97899100857559,9.102859497070312
49.976286377149506,9.09367561340332
49.976727960011786,9.084234237670898
49.97877022803556,9.077024459838867
49.98473094701628,9.081830978393555
49.981253950698694,9.090757369995117
49.98086760226145,9.083547592163086
Kleinostheim
50.008235470267515,9.056296348571777
50.011848409560024,9.063892364501953
50.00765627153323,9.068999290466309
50.00710464720188,9.073505401611328
50.0068839956967,9.076294898986816
50.00384993478092,9.081573486328125
49.999436413390995,9.076638221740723
49.99813986448798,9.071359634399414
49.995463897697505,9.07296895980835
49.994677631725324,9.069750308990479
49.993105061210926,9.065136909484863
49.996484644867365,9.063098430633545
49.99848469473681,9.061381816864014
50.0011053238062,9.058914184570312
50.00424989013288,9.054622650146484
50.00594621549899,9.053206443786621
50.010000604312864,9.060266017913818
50.00393268443712,9.072904586791992
50.00219491174294,9.06698226928711
50.00464984215712,9.062175750732422
50.00867675985644,9.062819480895996
Wenigumstadt
49.894413228336724,9.037714004516602
49.900107965823736,9.050846099853516
49.89897460076898,9.051361083984375
49.89560199118011,9.048914909362793
49.89369442729439,9.050931930541992
49.891731492986125,9.048271179199219
49.890266151950655,9.048185348510742
49.89001731603512,9.045910835266113
49.88833072768123,9.04273509979248
49.887335336408235,9.039430618286133
49.89040439357158,9.038057327270508
49.896293118905824,9.04325008392334
49.89844937378929,9.047541618347168
49.89361148802365,9.042949676513672
Ringheim
49.92608513107352,9.031190872192383
49.932908724347534,9.0287446975708
49.934262277816394,9.038593769073486
49.93503571987205,9.042155742645264
49.93060207114826,9.044408798217773
49.929110284544755,9.038872718811035
49.92710735028872,9.03601884841919
49.93137557194967,9.033336639404297
49.93253579987497,9.038228988647461
49.92905503230232,9.033122062683105
49.93062969639066,9.038400650024414
Karlstein am Main
50.034898632758114,9.035439491271973
50.035449938040344,9.03951644897461
50.03434732114608,9.044451713562012
50.03542237292658,9.048571586608887
50.03980502724813,9.053421020507812
50.040659460419384,9.050202369689941
50.03933646066572,9.047842025756836
50.03826149652037,9.045202732086182
50.03886788951019,9.03951644897461
50.04225803647891,9.041340351104736
50.04458690115873,9.044709205627441
50.04501407709112,9.043099880218506
50.04399436050705,9.039773941040039
50.04403570078988,9.037284851074219
50.04670896348586,9.032843112945557
50.04738414546099,9.027307033538818
50.04861047210272,9.026062488555908
50.04790774943332,9.021148681640625
50.045537706918864,9.023594856262207
50.04325022932816,9.027886390686035
50.040494087443996,9.030976295471191
50.03820636950513,9.03350830078125
50.044848719116644,9.030375480651855
50.04289193983159,9.03552532196045
50.040494087443996,9.035482406616211
50.04189973957681,9.0382719039917
50.03773778732018,9.038786888122559
50.0379307334796,9.050073623657227
50.019018324297654,9.058527946472168
50.019845553307675,9.063506126403809
50.01617806296208,9.064021110534668
50.01615048678632,9.060845375061035
Großwelzheim
50.053887452794314,9.015698432922363
50.05107680945381,9.00604248046875
50.04603377201276,9.00029182434082
50.04650227322733,9.007158279418945
50.0469983283525,9.01453971862793
50.046006212975385,9.02050495147705
50.05107680945381,9.018616676330566
50.05270259381021,9.011449813842773
50.04931318448308,9.0053129196167
50.050112335078126,9.013724327087402
Kahl am Main
50.057028565248906,9.000935554504395
50.05727653905339,8.997201919555664
50.058571492543614,8.996772766113281
50.058902113365555,8.993210792541504
50.05884701005346,8.989520072937012
50.06204289754016,8.993468284606934
50.06229084542809,8.995828628540039
50.06245614330807,8.997931480407715
50.0638060546746,8.998403549194336
50.06488044677552,8.99728775024414
50.06689142372188,8.995485305786133
50.069012499817504,8.998489379882812
50.071656826947546,8.999218940734863
50.07562304425829,8.998961448669434
50.08253559711918,9.002094268798828
50.08724437508346,9.010591506958008
50.08724437508346,9.014110565185547
50.08226021566997,9.013466835021973
50.07953385396631,9.016084671020508
50.08195729424865,9.021749496459961
50.076036173028726,9.019560813903809
50.07463152068599,9.019174575805664
50.07476923351934,9.014453887939453
50.07468660586678,9.00930404663086
50.073254370599,9.009196758270264
50.07125743271884,9.009153842926025
50.06994904901809,9.011492729187012
50.07160173828619,9.01829481124878
50.072042445805195,9.022200107574463
50.07109216516845,9.022092819213867
50.06979754965209,9.01951789855957
50.068833451564316,9.017372131347656
50.06804838594813,9.015977382659912
50.066147647553144,9.01604175567627
50.064646286445424,9.016985893249512
50.06325507503166,9.01602029800415
50.063020906767,9.013810157775879
50.06113374431991,9.009218215942383
50.062414818891476,9.006922245025635
50.061643423247325,9.002759456634521
50.06050008188616,8.999862670898438
50.05905364714752,9.000871181488037
50.07870765314127,9.004626274108887
50.08085574567113,9.010162353515625
50.07744078422247,9.012951850891113
50.07573321227845,9.003767967224121
50.071656826947546,9.00381088256836
50.06870949468981,9.003252983093262
50.06716689345,8.999476432800293
50.065514051349126,9.002866744995117
50.06843403382159,9.008746147155762
50.066478216163176,9.012565612792969
50.06567933812228,9.007973670959473
50.06496309132499,9.01153564453125
Hörstein
50.05052568361258,9.06423568725586
50.05763472117507,9.063892364501953
50.061106193953364,9.06869888305664
50.06083068941758,9.075736999511719
50.059398040326535,9.079513549804688
50.056091763754694,9.07771110534668
50.052344374869485,9.076423645019531
50.04969898298349,9.074106216430664
50.05581623042252,9.07170295715332
Wasserlos
50.07669717165747,9.075779914855957
50.076394215083795,9.071617126464844
50.072565780723615,9.06848430633545
50.069343048682576,9.06972885131836
50.06600990995988,9.072518348693848
50.06634047951922,9.077324867248535
50.06967359526938,9.07844066619873
50.07052749674062,9.081788063049316
50.0722903420048,9.083590507507324
50.074218379812805,9.079427719116211
50.07416329409412,9.073848724365234
50.071161026717014,9.073891639709473
Alzenau
50.07892797475344,9.071145057678223
50.07986433030965,9.06745433807373
50.07920337534486,9.060158729553223
50.08388494335285,9.057197570800781
50.08553715231679,9.052777290344238
50.08809796366313,9.049515724182129
50.090383303406675,9.054365158081055
50.09539414884021,9.058613777160645
50.09492612502394,9.066038131713867
50.092007755753514,9.068913459777832
50.09233814610216,9.073548316955566
50.09443056541212,9.075822830200195
50.08969495953111,9.074621200561523
50.08842838096743,9.07693862915039
50.08647337878339,9.080328941345215
50.08446322296836,9.078354835510254
50.08405016681203,9.07371997833252
50.08137898440154,9.07496452331543
50.091842559724974,9.06423568725586
50.08925441426207,9.060201644897461
50.089089208742145,9.070329666137695
50.08622555591017,9.063892364501953
50.083086355271675,9.063549041748047
50.08517917854083,9.069643020629883
Kälberau
50.09264100192065,9.081788063049316
50.094113955199084,9.08296823501587
50.093797342894035,9.08717393875122
50.092393210938795,9.089577198028564
50.09254463891328,9.09318208694458
50.09466458031193,9.098954200744629
50.091883858785515,9.098846912384033
50.09122306954605,9.099769592285156
50.0901492675983,9.099147319793701
50.086597289739494,9.097795486450195
50.08623932388118,9.09517765045166
50.08863489062585,9.094018936157227
50.08984639603205,9.091486930847168
50.090410836956075,9.089577198028564
50.09164983030527,9.087045192718506
50.09221424998835,9.096722602844238
50.08965365858419,9.09642219543457
50.09101657104008,9.09341812133789
Michelbach
50.09726619838984,9.099597930908203
50.096467833262544,9.105219841003418
50.09897300334882,9.115262031555176
50.09712855017904,9.11792278289795
50.09979885488694,9.119510650634766
50.10238643085209,9.115862846374512
50.105139017807446,9.116849899291992
50.105661991447114,9.109940528869629
50.107340973485044,9.107236862182617
50.10794649354925,9.104962348937988
50.10698316257593,9.099297523498535
50.10469861452407,9.098353385925293
50.10092749563244,9.096465110778809
50.10101007805764,9.102730751037598
50.10563446666106,9.102816581726074
50.10357006262752,9.110455513000488
50.10315717114387,9.104447364807129
50.09952357262272,9.105091094970703
Albstadt
50.1167256742,9.10792350769043
50.12156867110714,9.111528396606445
50.1199452210516,9.11813735961914
50.117386111717956,9.117879867553711
50.11493694350634,9.11539077758789
50.112872940438,9.112043380737305
50.1179089516254,9.113588333129883
Brücken
50.08449075991889,9.137277603149414
50.08958482359351,9.142298698425293
50.0901630344422,9.147319793701172
50.090052899580314,9.150753021240234
50.08809796366313,9.15212631225586
50.085440775024736,9.145195484161377
50.08367841322802,9.149079322814941
50.08500019065027,9.148253202438354
50.08509656882825,9.152061939239502
50.086321931624234,9.151976108551025
50.08824940521036,9.148070812225342
50.08762986858257,9.143929481506348
Niedersteinbach
50.08190221742091,9.150023460388184
50.08606033994947,9.15461540222168
50.08619801995627,9.157533645629883
50.08411900975193,9.157576560974121
50.0823841375179,9.158413410186768
50.0806629720677,9.157941341400146
50.07441117932993,9.15761947631836
50.07157419393175,9.154572486877441
50.07146401635589,9.152469635009766
50.07592600570468,9.152169227600098
50.07851487090003,9.151182174682617
50.08096590166793,9.151439666748047
50.07942369467894,9.155259132385254
50.08322404382108,9.154701232910156
50.08203990937158,9.155387878417969
50.07614634009968,9.155302047729492
50.07419083696138,9.155817031860352
Mömbris
50.06486667267011,9.139723777770996
50.063199976719304,9.140517711639404
50.06439835073231,9.143800735473633
50.06638180055394,9.147255420684814
50.0681447982072,9.154829978942871
50.067345947924885,9.156546592712402
50.064536092953375,9.159400463104248
50.06182249834169,9.161460399627686
50.061450572398115,9.16459321975708
50.06238726926063,9.165451526641846
50.064480996112415,9.16635274887085
50.0666297260147,9.168949127197266
50.06689142372188,9.17283296585083
50.06685010312621,9.173970222473145
50.06763518835685,9.17834758758545
50.06877835965963,9.179012775421143
50.06912268302565,9.176373481750488
50.069811322341515,9.17484998703003
50.071436471922375,9.170022010803223
50.0733370007196,9.171266555786133
50.07248314927408,9.168777465820312
50.07271727134459,9.16536569595337
50.073956722085356,9.162468910217285
50.07434232244851,9.161031246185303
50.07055504169625,9.159979820251465
50.07003168483419,9.164528846740723
50.06886099749295,9.166803359985352
50.06620274247971,9.164807796478271
50.06523857212814,9.162662029266357
50.06751122838529,9.160516262054443
50.068544218358724,9.163048267364502
Mensengesäß
50.069632277070625,9.168026447296143
50.06788310733877,9.170386791229248
50.06932927585868,9.17210340499878
Großheimsbach
50.069783776958744,9.114232063293457
50.07027959142816,9.115519523620605
50.07581583812746,9.120111465454102
50.07556796015329,9.116849899291992
50.07358489022699,9.118094444274902
50.072207710080654,9.114961624145508
Kleinhemsbach
50.07347471727081,9.123501777648926
50.073832778452946,9.125690460205078
50.07278613055954,9.127578735351562
50.07190472514058,9.125089645385742
Molkenberg
50.06570688586245,9.12639856338501
50.06510083192433,9.127278327941895
50.0625250172566,9.126291275024414
50.06488044677552,9.125218391418457
Gunzenbach
50.06286938551604,9.122042655944824
50.0617398483812,9.121506214141846
50.060458755784545,9.124746322631836
50.05844750914796,9.124510288238525
50.05745563044848,9.125969409942627
50.05713877598692,9.12787914276123
50.05562335614857,9.13015365600586
50.055871337215535,9.134166240692139
50.057042341605005,9.134101867675781
50.05970799207391,9.133050441741943
50.059997278564765,9.130926132202148
50.060286563311244,9.129252433776855
50.060754925392885,9.127728939056396
50.05990773769447,9.126977920532227
50.059522021265785,9.129638671875
50.05866792385201,9.127943515777588
50.05861282027095,9.131011962890625
50.05745563044848,9.129939079284668
50.05733164416924,9.131677150726318
Rothengrund
50.057717378208025,9.139251708984375
50.05791024406449,9.14060354232788
50.05606421049269,9.141933917999268
50.05493451312689,9.142470359802246
50.05329502695929,9.140732288360596
50.05424566021611,9.13938045501709
50.056133093618065,9.139037132263184
Heimbach
50.05961845066369,9.149765968322754
50.0587092514963,9.152147769927979
50.05767604970936,9.155151844024658
50.05419055155603,9.15285587310791
50.05610554037978,9.151461124420166
50.05748318291147,9.152061939239502
50.05614687023125,9.153220653533936
50.05723521017497,9.155216217041016
Hohl
50.0528817022778,9.110262393951416
50.053749679997,9.117836952209473
50.052082597798666,9.121227264404297
50.05002966494401,9.12390947341919
50.0480179811207,9.122986793518066
50.0496714260506,9.12090539932251
50.05037412289665,9.115583896636963
50.05081502546839,9.110841751098633
50.053019477567176,9.115133285522461
50.05064968747869,9.119102954864502
50.050828803608496,9.122064113616943
50.0519585976351,9.117729663848877
Rückersbach
50.04207888836214,9.102880954742432
50.043828999019745,9.105863571166992
50.04398058040487,9.109876155853271
50.04206510771008,9.111013412475586
50.040121996166555,9.111700057983398
50.03838553207318,9.111442565917969
50.0383579686447,9.10940408706665
50.04039761961196,9.108245372772217
50.04093508077909,9.102237224578857
50.04016333978425,9.104855060577393
Sternberg
50.033465209400774,9.106121063232422
50.034168143509284,9.109704494476318
50.03433353827468,9.112236499786377
50.0331619797458,9.112300872802734
50.03302414745147,9.111056327819824
50.03288631476151,9.108803272247314
50.03254173130579,9.106056690216064
Reichenbach
50.041651686308796,9.129037857055664
50.04432508177272,9.136719703674316
50.04614400800407,9.142985343933105
50.04517943449594,9.14311408996582
50.0441183812487,9.141933917999268
50.04198242371466,9.138693809509277
50.04205132705408,9.135346412658691
50.04176193236391,9.13339376449585
Daxberg
50.04473848015053,9.160687923431396
50.047893970454616,9.16283369064331
50.04917539855278,9.164507389068604
50.04799042322258,9.167039394378662
50.04737036633193,9.168734550476074
50.04575818092688,9.168498516082764
50.04599243345074,9.17083740234375
50.04509675586473,9.172253608703613
50.04360851615055,9.17083740234375
50.042754135466986,9.171202182769775
50.041348508351696,9.169163703918457
50.04158278239575,9.167404174804688
50.04286437899031,9.165794849395752
50.044476661591304,9.16435718536377
50.04675030143078,9.162962436676025
50.04384277916546,9.167940616607666
50.046171566962336,9.166202545166016
Schimborn
50.05781381123316,9.178133010864258
50.05833730141621,9.183540344238281
50.058764354966634,9.190406799316406
50.056022880569984,9.192359447479248
50.05430076881289,9.191887378692627
50.05175192998385,9.194097518920898
50.051007919069775,9.192123413085938
50.05037412289665,9.189763069152832
50.04925807015844,9.186737537384033
50.05074613470859,9.184913635253906
50.05206882001855,9.182381629943848
50.05335013664783,9.181416034698486
50.05620197664454,9.17708158493042
50.054782966335,9.180793762207031
50.05694590702928,9.187617301940918
50.05562335614857,9.184999465942383
50.054328323087546,9.18856143951416
50.052289264025895,9.187917709350586
Königshofen
50.06094089142176,9.194161891937256
50.061092418764154,9.1965651512146
50.06029345102205,9.202337265014648
50.061891373199984,9.20431137084961
50.062952033530436,9.20677900314331
50.06240104407803,9.208753108978271
50.06205667245646,9.214117527008057
50.060389878869394,9.213945865631104
50.058309749443715,9.207766056060791
50.05734542043831,9.208066463470459
50.05665660213918,9.203968048095703
50.05749695913704,9.199118614196777
50.05763472117507,9.196758270263672
50.058640372069384,9.19330358505249
50.05964600188463,9.195170402526855
50.06016947207637,9.190535545349121
50.05943936734189,9.200663566589355
50.05833730141621,9.202744960784912
50.061918923115634,9.210684299468994
50.05970110427904,9.210448265075684
50.06026590017292,9.205942153930664
Dörnsteinbach
50.08925441426207,9.170794486999512
50.09228308120224,9.173755645751953
50.093852406053884,9.178476333618164
50.09335683533732,9.183411598205566
50.09198022312164,9.181931018829346
50.08973626044246,9.180300235748291
50.08852475225208,9.177017211914062
50.08779507913304,9.174635410308838
50.08878633047647,9.17285442352295
50.09049343750927,9.175214767456055
50.091870092435954,9.17856216430664
Omersbach
50.108772190390205,9.185214042663574
50.110230886686004,9.188904762268066
50.111510649675445,9.194505214691162
50.110423541365755,9.194784164428711
50.10892356660025,9.19532060623169
50.10666663531268,9.196779727935791
50.1056069418592,9.194376468658447
50.10601981222631,9.190986156463623
50.10750611607996,9.18729543685913
50.109033658088805,9.191608428955078
Geiselbach
50.12287564597791,9.190707206726074
50.12427888453486,9.18980598449707
50.12561329872677,9.18954849243164
50.12718153177013,9.192123413085938
50.12619107477361,9.196844100952148
50.12575086508485,9.199697971343994
50.12438894072114,9.203174114227295
50.12249043604062,9.203345775604248
50.121045871167155,9.204504489898682
50.11982139633003,9.201006889343262
50.1195462291354,9.199655055999756
50.119037165655804,9.195771217346191
50.12044051673517,9.193153381347656
50.1244714826948,9.193947315216064
50.12360478487208,9.199354648590088
50.12288940341836,9.196028709411621
50.12159618673531,9.199590682983398
Oberschur
50.08684511069066,9.182660579681396
50.08734074874891,9.18607234954834
50.08599149979777,9.19057846069336
50.08405016681203,9.190621376037598
50.08384363739908,9.188647270202637
50.085743674432955,9.186651706695557
Krombach
50.0961925318582,9.202466011047363
50.095793342012136,9.20780897140503
50.09437550291664,9.202015399932861
50.09310904805708,9.204998016357422
50.09112670368733,9.205727577209473
50.094141486605,9.20729398727417
50.092007755753514,9.208645820617676
50.08930948264218,9.208474159240723
50.08928194846005,9.205834865570068
50.087561030685116,9.205105304718018
50.08702409169183,9.209611415863037
50.08477989694439,9.21053409576416
50.085110337123574,9.205126762390137
50.08387117470556,9.20506238937378
50.08293489741056,9.207251071929932
50.081929755842694,9.203088283538818
50.080263652851755,9.20529842376709
50.07728930852424,9.205620288848877
50.07559550221368,9.207744598388672
50.073763920740944,9.209461212158203
50.08135144566335,9.20780897140503
50.0790243651404,9.209697246551514
50.078762733639216,9.2110276222229
50.07653192285459,9.21302318572998
50.07512728503506,9.215748310089111
50.07339208738754,9.219481945037842
50.072249026060526,9.22229290008545
50.07038977172523,9.219117164611816
50.07208376192745,9.21776533126831
50.073102881674814,9.214589595794678
Breunsberg
50.03194904197802,9.157533645629883
50.03095661556209,9.158756732940674
50.030033089225135,9.16285514831543
50.030377690681625,9.164421558380127
50.031521749785334,9.167511463165283
50.03150796610292,9.171631336212158
50.032913881331154,9.172296524047852
50.034595412154815,9.17008638381958
50.033851135283264,9.167618751525879
50.03345142627618,9.165666103363037
50.03263821492264,9.162726402282715
50.03278983164314,9.16834831237793
50.03154931713831,9.162511825561523
Unterafferbach
50.02092092972686,9.170043468475342
50.020727915219005,9.174807071685791
50.019873127362715,9.181523323059082
50.017101855703665,9.183239936828613
50.01689503797621,9.179613590240479
50.01609533438739,9.176673889160156
50.01769472825515,9.169142246246338
50.01905968608644,9.171481132507324
50.017777454076096,9.17332649230957
50.019321643255154,9.174420833587646
50.01998342342458,9.178733825683594
50.018549554869445,9.178004264831543
Wenighösbach
50.03066715399422,9.186501502990723
50.03088769629941,9.191672801971436
50.03040525869132,9.193518161773682
50.02808949071039,9.194869995117188
50.027110769484715,9.19682264328003
50.02676614458723,9.198882579803467
50.02574604039866,9.1975736618042
50.0249326985634,9.196178913116455
50.02564954293487,9.193990230560303
50.02625609520107,9.191093444824219
50.02598039057504,9.189848899841309
50.02606310212901,9.187874794006348
50.027386467622335,9.186716079711914
50.029040623215195,9.188346862792969
50.0284478906774,9.191007614135742
50.027152124306234,9.194161891937256
50.02472591454509,9.200191497802734
50.02341626175704,9.202830791473389
Großblankenbach
50.06993527636823,9.226906299591064
50.069535867801754,9.22553300857544
50.067828014342446,9.22553300857544
50.06612010006614,9.22600507736206
50.06346169313941,9.226477146148682
50.06310355452037,9.22701358795166
50.064536092953375,9.229116439819336
50.06606500504466,9.231090545654297
50.068654402642736,9.233129024505615
50.06954964056632,9.230597019195557
50.06853044530542,9.22825813293457
50.067194440335825,9.229180812835693
Blankenbach
50.065390085895466,9.23100471496582
50.06521102411902,9.232120513916016
50.06481157620886,9.233965873718262
50.066023683737036,9.235596656799316
50.06565179036633,9.239394664764404
50.065720659726594,9.241132736206055
50.06310355452037,9.241840839385986
50.06209799718156,9.24074649810791
50.06346169313941,9.236862659454346
50.062442368506474,9.235854148864746
50.062015347695734,9.235832691192627
50.061574548033036,9.234309196472168
50.06135414668278,9.233386516571045
50.06180872335817,9.231541156768799
50.06273163850892,9.229717254638672
50.06427438239518,9.230554103851318
50.06370963369394,9.232935905456543
50.064907994974504,9.23677682876587
Erlenbach
50.05661527272675,9.222958087921143
50.058433733195336,9.223408699035645
50.05979753331701,9.226348400115967
50.05881945837368,9.2275071144104
50.05797912453962,9.226734638214111
50.05804800491585,9.225211143493652
Feldkahl
50.042878159412936,9.200513362884521
50.0429057202463,9.20231580734253
50.0426163307068,9.205234050750732
50.04212023029458,9.207959175109863
50.04176193236391,9.210963249206543
50.0431813277096,9.212336540222168
50.04297462226045,9.215168952941895
50.041720590122914,9.218924045562744
50.03918486461585,9.220447540283203
50.03848200394828,9.22029733657837
50.03721407240743,9.21976089477539
50.036745480537995,9.217894077301025
50.037117597984626,9.215490818023682
50.03735189267516,9.21278715133667
50.03831662347228,9.212679862976074
50.03915730164626,9.215147495269775
50.039598307260796,9.212701320648193
50.03921242756963,9.208989143371582
50.04032871389895,9.205191135406494
50.04108667130246,9.202229976654053
50.04130716575465,9.20628547668457
50.04094886175554,9.21077013015747
50.041348508351696,9.213967323303223
50.040301151586064,9.217185974121094
50.03889545264595,9.217100143432617
50.03347899252143,9.21205759048462
Rottenberg
50.039984183850464,9.22574758529663
50.04099020466115,9.227936267852783
50.04433886177602,9.228193759918213
50.04449044155107,9.232399463653564
50.04352583481351,9.233858585357666
50.04249230608439,9.234480857849121
50.04125204223655,9.238085746765137
50.03980502724813,9.240038394927979
50.037090033828235,9.237849712371826
50.0368006092306,9.234287738800049
50.0353121123132,9.233686923980713
50.033906267298995,9.233922958374023
50.0353534600729,9.227228164672852
50.03826149652037,9.225404262542725
50.03722785445201,9.227979183197021
50.03411301179423,9.229052066802979
50.03623553713084,9.231090545654297
50.03904704960967,9.229888916015625
50.03884032635863,9.234116077423096
50.04100398562177,9.2350172996521
50.04132094662429,9.23177719116211
50.04304352417573,9.231605529785156
Goldbach
49.99499489848939,9.166030883789062
49.99640188239056,9.168133735656738
49.999077796979634,9.170622825622559
50.001367378856585,9.175128936767578
50.00340860087546,9.17384147644043
50.00680125112109,9.172124862670898
50.009200785980795,9.174914360046387
50.00760110938497,9.176716804504395
50.00602896154653,9.179034233093262
50.004898086567366,9.180622100830078
50.00464984215712,9.185171127319336
50.00349135129135,9.18856143951416
50.0011467010144,9.192423820495605
49.998746764071896,9.194183349609375
49.99549148574378,9.196457862854004
49.994332774172705,9.192895889282227
49.99344992756813,9.189119338989258
49.99218080717759,9.190621376037598
49.9884836134059,9.188432693481445
49.986800468366965,9.180235862731934
49.98754547425633,9.17731761932373
49.99096683459368,9.182767868041992
49.99339474911719,9.178690910339355
49.993532695125865,9.16933536529541
49.99607083105881,9.186415672302246
49.99891228081068,9.190020561218262
50.000898437231115,9.187188148498535
50.00307759778731,9.182209968566895
49.999905369277386,9.18057918548584
49.99731226180036,9.17482852935791
49.99598806786974,9.17731761932373
49.99880193638147,9.184141159057617
Hösbach
49.99644326364676,9.19879674911499
49.997463990026176,9.201693534851074
49.997946758468366,9.203925132751465
49.99633291355107,9.204976558685303
49.99681569335,9.210212230682373
49.99852607420048,9.212443828582764
50.00022260154793,9.215705394744873
50.0013397941817,9.21879529953003
50.00238800070007,9.219117164611816
50.00572555867584,9.219374656677246
50.00663576154257,9.216864109039307
50.0070632751218,9.216005802154541
50.00695294940087,9.212915897369385
50.006815041893596,9.209396839141846
50.007021903006134,9.207422733306885
50.00742183196596,9.204890727996826
50.00998681445439,9.206736087799072
50.01140714909268,9.205405712127686
50.01190356683358,9.204204082489014
50.00997302459196,9.202380180358887
50.009049094795515,9.2010498046875
50.00837337369929,9.19830322265625
50.007683852583604,9.196114540100098
50.006484062261734,9.193711280822754
50.00527045077894,9.193990230560303
50.004139557954375,9.194591045379639
50.00299484665915,9.193947315216064
50.0086215988794,9.20280933380127
50.007325297694116,9.198861122131348
50.00506358212864,9.19705867767334
50.001863900297785,9.196586608886719
49.999712270348724,9.19680118560791
50.00677366956425,9.201436042785645
50.00409818332215,9.201135635375977
50.00128462478448,9.200921058654785
50.00020880888401,9.205684661865234
50.00034673534484,9.209761619567871
50.00313276512694,9.212808609008789
50.00536698917776,9.214954376220703
50.00578072297657,9.210834503173828
50.00605654353071,9.206242561340332
50.00652543484034,9.203023910522461
50.00418093255098,9.205641746520996
50.00464984215712,9.209246635437012
weibershof
49.999795027127405,9.224824905395508
49.99938124180952,9.232420921325684
50.00263625679107,9.236583709716797
50.004898086567366,9.237699508666992
50.00666334317857,9.24248456954956
50.00412576641426,9.242420196533203
50.00251212890582,9.24199104309082
50.00150530199353,9.239330291748047
49.998857108627725,9.237334728240967
49.99705018464617,9.23649787902832
49.995339751293486,9.234652519226074
49.99241532107682,9.23224925994873
49.99070472285421,9.230167865753174
49.990194290630335,9.227721691131592
49.99120135441283,9.22478199005127
49.99466383747069,9.224739074707031
49.99567080765863,9.224138259887695
49.99825021043669,9.223301410675049
49.99783641182322,9.226970672607422
49.99751916380776,9.231412410736084
49.99473280870422,9.228665828704834
Haibach
49.966901783262635,9.187231063842773
49.969689750751165,9.190964698791504
49.97115267898575,9.194226264953613
49.97104227085908,9.198861122131348
49.96999338102281,9.200878143310547
49.969027278054995,9.205706119537354
49.97061443697583,9.211885929107666
49.96847521050923,9.213666915893555
49.967177826850765,9.21426773071289
49.965342107248865,9.212722778320312
49.96414126030963,9.210512638092041
49.96305081012584,9.205920696258545
49.962926580056575,9.202358722686768
49.96172567285883,9.200835227966309
49.96207076420143,9.19956922531128
49.9621811929086,9.196929931640625
49.96107689443801,9.192123413085938
49.96278854627027,9.190599918365479
49.96444492558389,9.188024997711182
49.96935851554293,9.196629524230957
49.96640490081456,9.194698333740234
49.96723303537843,9.208388328552246
49.96646011022876,9.201350212097168
49.964638166124686,9.195771217346191
Grünmorsbach
49.961808495006665,9.206414222717285
49.95947561666188,9.205942153930664
49.9575291642043,9.204590320587158
49.956369538103026,9.20753002166748
49.95714262527363,9.210684299468994
49.95886822150444,9.214246273040771
49.959116702267735,9.216392040252686
49.96128395233072,9.222056865692139
49.961974138874865,9.218001365661621
49.96352012082764,9.216477870941162
49.96516267225361,9.216670989990234
49.96273333264494,9.212079048156738
49.96046951948195,9.209332466125488
49.961339167618384,9.213495254516602
Dammbach
49.85812805962421,9.325075149536133
49.86061800475709,9.330439567565918
49.86543153483895,9.339752197265625
49.86175227055341,9.341468811035156
49.85682770394194,9.33340072631836
49.8555273132654,9.328508377075195
Wintersbach
49.86042434695979,9.296793937683105
49.86363343316673,9.30443286895752
49.86568049748778,9.309797286987305
49.86720190801742,9.315805435180664
49.8630524937067,9.319238662719727
49.863080157648916,9.328079223632812
49.859539044287146,9.323058128356934
49.860839327003525,9.316749572753906
49.86045201240692,9.307093620300293
Heimbuchenthal
49.88304938952774,9.279799461364746
49.88758418615088,9.279112815856934
49.89433029030133,9.294304847717285
49.90024617925299,9.301557540893555
49.89891931398772,9.305377006530762
49.89419205992558,9.311599731445312
49.89601666900339,9.308123588562012
49.89477262484291,9.305505752563477
49.891759140502565,9.302759170532227
49.888164830561216,9.298768043518066
49.88584221101046,9.296965599060059
49.881058368636324,9.296493530273438
49.88036702273272,9.292845726013184
49.87991072901331,9.289970397949219
49.88031171463276,9.283039569854736
49.88014578995275,9.280915260314941
49.8777259902424,9.279778003692627
49.886782332386844,9.28494930267334
49.88465320775427,9.287223815917969
49.888828415620125,9.294734001159668
49.89236738185688,9.296708106994629
49.89546376444711,9.301514625549316
49.87284453950596,9.372882843017578
Rohrbrunn
49.89886402714312,9.393610954284668
49.89797942901377,9.39004898071289
49.896044314064895,9.392237663269043
49.89681836935711,9.395885467529297
Mespelbrunn
49.903839589440175,9.29816722869873
49.90690759707694,9.30516242980957
49.90784730812574,9.300999641418457
49.9122415962162,9.294862747192383
49.9163591506042,9.291386604309082
49.92053161549312,9.288082122802734
49.922327598484095,9.292545318603516
49.92393011143719,9.285721778869629
49.92130527790742,9.283232688903809
49.9187355655967,9.285163879394531
49.915972281264466,9.287395477294922
49.91113615262661,9.290099143981934
49.90931211530765,9.294304847717285
49.90652065191214,9.295206069946289
Hessenthal
49.9262785255607,9.283576011657715
49.929234601858646,9.2814302444458
49.93094738554002,9.281902313232422
49.93103026062587,9.288253784179688
49.931113135569234,9.289970397949219
49.931140760518666,9.294347763061523
49.92942798370958,9.291815757751465
49.92763226524528,9.288039207458496
49.92600224748434,9.28645133972168
49.92895834072567,9.285378456115723
Heigenbrücken
50.02775865759786,9.356403350830078
50.029688485295985,9.357304573059082
50.029054407605784,9.364514350891113
50.02933009458668,9.36910629272461
50.02880628796994,9.375629425048828
50.032279846225755,9.373011589050293
50.03418192642816,9.37283992767334
50.03418192642816,9.375457763671875
50.03382356925165,9.377732276916504
50.031122021388974,9.38206672668457
50.02949550601559,9.38159465789795
50.02789650500503,9.378418922424316
50.02585632297703,9.381465911865234
50.02359547951048,9.3843412399292
50.02271317026744,9.383611679077148
50.02411934295603,9.379663467407227
50.02610445785258,9.375371932983398
50.024808628259265,9.372968673706055
50.02398148470845,9.370265007019043
50.02610445785258,9.369192123413086
50.026021746369835,9.360566139221191
Heinrichsthal
50.075292538679015,9.337692260742188
50.073034022914705,9.343099594116211
50.07306156643061,9.345288276672363
50.07132629403006,9.351296424865723
50.070169410877945,9.35035228729248
50.06931550303083,9.347176551818848
50.065514051349126,9.347777366638184
50.06532121606056,9.344215393066406
50.066726141125585,9.342455863952637
50.0683513952526,9.340567588806152
50.07083049038221,9.3403959274292
50.07286876148698,9.337306022644043
Wiesen
50.10593723843761,9.361124038696289
50.10860705216087,9.364643096923828
50.10780887602508,9.370651245117188
50.109157510710965,9.373140335083008
50.11179962368179,9.370136260986328
50.114469110608496,9.37009334564209
50.11496446294622,9.366745948791504
50.11413887286966,9.36284065246582
50.11336830928838,9.360136985778809
50.11345087026522,9.356274604797363
50.11210235648471,9.356231689453125
50.10857952906727,9.356789588928223
50.11177210242297,9.363999366760254
Edelbach
50.11207483539991,9.290614128112793
50.11270781634908,9.293661117553711
50.11156569247779,9.298360347747803
50.10873090588625,9.305033683776855
50.1083868669693,9.301085472106934
50.108882282226766,9.298102855682373
50.10849695969161,9.295077323913574
50.10833182051324,9.291343688964844
50.10996942552383,9.290056228637695
50.11164825656261,9.296150207519531
50.11058867333151,9.294583797454834
Großkahl
50.11032721412276,9.275035858154297
50.110423541365755,9.279627799987793
50.10804282558088,9.281537532806396
50.1053316929706,9.280915260314941
50.10381779580938,9.280142784118652
50.10321222354731,9.277503490447998
50.103611351580135,9.272933006286621
50.10509773017166,9.271152019500732
50.107107020500834,9.270336627960205
50.109198794847174,9.271924495697021
50.10914374932432,9.279391765594482
50.10835934374917,9.276130199432373
50.10612991038981,9.276280403137207
Großlaudenbach
50.101464278851495,9.26870584487915
50.10255159053003,9.270744323730469
50.104258207191386,9.271066188812256
50.10417563036572,9.270186424255371
50.103198460452376,9.267332553863525
50.1028130921888,9.265143871307373
50.1019184753389,9.261667728424072
50.10124406082258,9.26048755645752
50.10017048343449,9.262676239013672
50.10167073233416,9.265251159667969
Kleinlaudenbach
50.101092660340484,9.268941879272461
50.09968874217106,9.267396926879883
50.09836736983955,9.267933368682861
50.099812618958616,9.271688461303711
50.10041823419794,9.27271842956543
50.10180836749496,9.272761344909668
50.102840618596176,9.273362159729004
50.10310211867714,9.272632598876953
50.10224879735215,9.271023273468018
Jakobsthal
50.05479674333586,9.320011138916016
50.05245459636683,9.324173927307129
50.047893970454616,9.322457313537598
50.04895494024145,9.31915283203125
50.05135237000099,9.319367408752441
50.0542732145224,9.318315982818604
50.05122836795057,9.323465824127197
Huckelheim
50.12275182883614,9.238815307617188
50.12627361363953,9.244823455810547
50.12918989553609,9.244394302368164
50.130290333090166,9.242291450500488
50.12965758458845,9.238557815551758
50.12808943267776,9.237313270568848
50.12434766968095,9.23774242401123
50.122916918287345,9.241690635681152
Westengrund
50.12037172597446,9.243042469024658
50.12099083926238,9.246690273284912
50.117303557526434,9.2470121383667
50.114923183780476,9.246304035186768
50.1112629562821,9.24149751663208
50.109694201705715,9.239029884338379
50.11210923675345,9.2405104637146
50.11409071300912,9.238075017929077
50.11530845461017,9.236186742782593
50.11652616524141,9.237710237503052
50.1191747509138,9.240145683288574
50.116780711007785,9.24250602722168
Unterwesten
50.11009327572597,9.242355823516846
50.10666663531268,9.248621463775635
50.10289567136343,9.247419834136963
50.10368016642207,9.243857860565186
50.10687306637379,9.241969585418701
50.10772630532076,9.245188236236572
Hofstädten
50.10780887602508,9.209933280944824
50.109240078947785,9.210877418518066
50.110423541365755,9.21480417251587
50.10889604368855,9.221241474151611
50.10663911110395,9.221134185791016
50.10597852534976,9.216928482055664
50.10632258156694,9.211649894714355
50.108194204096264,9.215598106384277
Schneppenbach
50.101257824479056,9.226605892181396
50.09905558914327,9.226841926574707
50.09752772890082,9.228816032409668
50.095848402878275,9.23025369644165
50.09350826026672,9.232614040374756
50.092668534172866,9.233365058898926
50.090231868602366,9.237420558929443
50.09098903783873,9.240810871124268
50.09350826026672,9.242634773254395
50.096922077121405,9.241325855255127
50.09612370625995,9.236690998077393
50.09789937506589,9.233450889587402
50.099179467568,9.23074722290039
50.094458096636124,9.237527847290039
Schöllkrippen
50.0895297555298,9.23898696899414
50.08786391669432,9.238901138305664
50.083609569655316,9.238193035125732
50.0787902738645,9.238171577453613
50.07635290267543,9.238214492797852
50.07797783056909,9.246518611907959
50.08062166333753,9.25048828125
50.081599293737355,9.253406524658203
50.08501395897328,9.255208969116211
50.08757479827252,9.254307746887207
50.0923106136601,9.254672527313232
50.092971387903276,9.251904487609863
50.09476093905613,9.247076511383057
50.09060357135877,9.245188236236572
50.08771247392898,9.244351387023926
50.08446322296836,9.242806434631348
50.08107605741158,9.244651794433594
50.089364550959004,9.250617027282715
50.084573370675585,9.249114990234375
Sommerkahl
50.07300647938296,9.249672889709473
50.07040354424459,9.24699068069458
50.06795197349523,9.25321340560913
50.0666848203875,9.258084297180176
50.06665727320901,9.262526035308838
50.06892986224525,9.271924495697021
50.070582586636036,9.263405799865723
50.07076162835903,9.259157180786133
50.069343048682576,9.266324043273926
50.06906759145321,9.260058403015137
50.07044486177886,9.252891540527344
Vormwald
50.077853897330726,9.265744686126709
50.075691899300566,9.266495704650879
50.07423215123261,9.26997184753418
50.07347471727081,9.272825717926025
50.07129874951744,9.272139072418213
50.07040354424459,9.273748397827148
50.07160173828619,9.274413585662842
50.0734471739922,9.274885654449463
50.07494825961141,9.274156093597412
50.075292538679015,9.27222490310669
Seilauf
50.028392752395014,9.256882667541504
50.02734511300257,9.263148307800293
50.02795164385712,9.26769733428955
50.031122021388974,9.271624088287354
50.029867679647744,9.27445650100708
50.029081976375096,9.276044368743896
50.027607024993024,9.273233413696289
50.026200954402455,9.26945686340332
50.02468455763463,9.266560077667236
50.02365062330009,9.262654781341553
50.02205142770029,9.262762069702148
50.021830844818886,9.259886741638184
50.02161026092461,9.257204532623291
50.020962289877666,9.255917072296143
50.01826001852598,9.255359172821045
50.01719837033848,9.255316257476807
50.016784734824256,9.254157543182373
50.01569547760175,9.251668453216553
50.01406843981341,9.251325130462646
50.01321353347375,9.249265193939209
50.01386160902919,9.246711730957031
50.01620563912198,9.24551010131836
50.01757063925671,9.246947765350342
50.01845304294882,9.249093532562256
50.019873127362715,9.251453876495361
50.02194113638619,9.253642559051514
50.023085396455585,9.253449440002441
50.02508433961107,9.254264831542969
50.02700048978653,9.255874156951904
50.026848854788135,9.25774097442627
50.024918912989875,9.260058403015137
50.02387119782554,9.257912635803223
50.01910104783961,9.252891540527344
50.017170794748324,9.249672889709473
Frohnhofen
50.00652543484034,9.259586334228516
50.0063737352113,9.262762069702148
50.00844232526682,9.268512725830078
50.01102104286012,9.267933368682861
50.01131062282536,9.264113903045654
50.00925594629308,9.262676239013672
50.009476586909216,9.26520824432373
Laufach
50.00594621549899,9.27797555923462
50.00889740313152,9.276838302612305
50.01063493352552,9.279627799987793
50.00866296961812,9.282588958740234
50.01148988573894,9.283876419067383
50.01517152229413,9.282031059265137
50.01754306388019,9.285871982574463
50.01682609853591,9.291257858276367
50.016702007294086,9.297652244567871
50.01626768542393,9.300312995910645
50.01573684225111,9.302458763122559
50.015419712362544,9.304368495941162
50.01308943290221,9.310505390167236
50.0116553586041,9.30668592453003
50.011034832421856,9.302995204925537
50.011503675166146,9.2989182472229
50.01114514877318,9.296214580535889
50.008138937629845,9.296343326568604
50.00787691949311,9.294390678405762
50.010400508487486,9.292824268341064
50.01164156922045,9.289004802703857
50.01104862197962,9.28619384765625
50.01510258038097,9.286494255065918
50.01504742677919,9.291386604309082
50.01518531066489,9.295334815979004
50.0141649605414,9.30490493774414
50.01388918651852,9.30065631866455
50.0137237213451,9.29344654083252
Hain im Spessart
50.010676302531174,9.306857585906982
50.010235031301576,9.316813945770264
50.011793252223185,9.317178726196289
50.01017987211299,9.320290088653564
50.00979375602028,9.323251247406006
50.009945444855234,9.325675964355469
50.01117272782144,9.330267906188965
50.01319974453719,9.330482482910156
50.01467513831146,9.327735900878906
50.0152680408064,9.325826168060303
50.01506121518557,9.324452877044678
50.01473029234052,9.320182800292969
50.01344794478996,9.318037033081055
50.01263439473134,9.324238300323486
Schmerlenbach
49.98645555432516,9.22677755355835
49.98755927055288,9.229803085327148
49.98674528228649,9.23403024673462
49.98408247867254,9.228987693786621
49.980729619924816,9.23027515411377
49.984855120808234,9.232571125030518
49.98085380404561,9.232957363128662
49.97864603853655,9.23051118850708
49.97750072026941,9.2305326461792
Winzenhohl
49.9770039472428,9.229846000671387
49.97599658619375,9.228858947753906
49.97424400369655,9.229674339294434
49.972132540010584,9.2295241355896
49.97046262403853,9.224545955657959
49.971125076977835,9.227206707000732
49.97167711412839,9.23351526260376
49.97366439543936,9.232571125030518
49.97612078253135,9.231326580047607
Straßenbessenbach
49.962512477510316,9.245960712432861
49.96169806544456,9.246647357940674
49.96125634466315,9.2494797706604
49.96175328025728,9.25100326538086
49.96380998691662,9.253149032592773
49.96490041990353,9.250702857971191
49.96628067940108,9.2484712600708
49.96452774305351,9.247291088104248
Bessenbach
49.96248487054725,9.24497365951538
49.962885169962256,9.242935180664062
49.96146340178409,9.240446090698242
49.963533924014335,9.236068725585938
49.96316123658495,9.23398733139038
49.961339167618384,9.235618114471436
49.959558442680546,9.236712455749512
49.9579571144008,9.237098693847656
49.95746013962284,9.238686561584473
49.95803994303174,9.24100399017334
49.960069199980545,9.242184162139893
49.960510931654184,9.245080947875977
49.958674957801954,9.247398376464844
49.95799852873408,9.248685836791992
49.95864734863827,9.249608516693115
49.95969648572837,9.249823093414307
49.960690383988926,9.24924373626709
49.963713365080906,9.249029159545898
49.96064897197103,9.238343238830566
Keilberg
49.97454760523557,9.246797561645508
49.97218774285495,9.25248384475708
49.97242235423708,9.25671100616455
49.970876658194165,9.258921146392822
49.97369199599086,9.262869358062744
49.975803391253635,9.262676239013672
49.9799431130492,9.2624831199646
49.98093659328136,9.259629249572754
49.98151611394267,9.255552291870117
49.98024667863007,9.253900051116943
49.97904620355231,9.256131649017334
49.97675555880614,9.255037307739258
49.97543079882146,9.2539644241333
49.974147402805144,9.251797199249268
49.972877773066735,9.24872875213623
49.97842525641352,9.25898551940918
49.97624497854839,9.258642196655273
49.97440960477346,9.257011413574219
Waldaschaff
49.98139193153149,9.28419828414917
49.97952915689754,9.280400276184082
49.97683835509416,9.279177188873291
49.976562366913356,9.280979633331299
49.97831486497209,9.285228252410889
49.97774910485938,9.287974834442139
49.97725233439723,9.291214942932129
49.976424372229296,9.295313358306885
49.975858589887096,9.29793119430542
49.9766451635338,9.298467636108398
49.978866819646484,9.294905662536621
49.97998450846846,9.302265644073486
49.97814927733501,9.3044114112854
49.97618978035816,9.305505752563477
49.97529280089222,9.308080673217773
49.9759275880899,9.313445091247559
49.97587238953557,9.317178726196289
49.97423020358107,9.320719242095947
49.97447860505398,9.31814432144165
49.9745752052805,9.31389570236206
49.97394040024202,9.310591220855713
49.971856524838906,9.312222003936768
49.96992437431111,9.313573837280273
49.97149770274904,9.310290813446045
49.9728087704908,9.308209419250488
49.97162191069829,9.306235313415527
49.97014519544031,9.304625988006592
49.96913769080425,9.30366039276123
49.970379816779975,9.300205707550049
49.97101466878784,9.298059940338135
49.971856524838906,9.293639659881592
49.97424400369655,9.291772842407227
49.97399560101259,9.28969144821167
49.97423020358107,9.285743236541748
49.97772150663492,9.300956726074219
49.97399560101259,9.304304122924805
49.97341598976347,9.299798011779785
49.97479600507006,9.29593563079834
Interbessenbach
49.989739035697866,9.25046682357788
Steiger
49.99692604233771,9.263362884521484
49.996801899708736,9.267504215240479