Fuchsstadt
50.11152441038197,9.934601783752441
50.110781326571896,9.938592910766602
50.10885475929136,9.941167831420898
50.10538674287486,9.940052032470703
50.10340490646112,9.938206672668457
50.10211116345678,9.936575889587402
50.101175242480934,9.932842254638672
50.1005421090992,9.9281644821167
50.103515010635334,9.929280281066895
50.10687306637379,9.928282499313354
50.10901989666658,9.926211833953857
50.11035473621196,9.931490421295166
50.10910246514065,9.936919212341309
50.10601981222631,9.933915138244629
Westheim
50.12668630583398,9.92764949798584
50.125970970435326,9.9261474609375
50.12343969779324,9.929451942443848
50.12027541874336,9.933786392211914
50.12093580729434,9.939708709716797
50.12352224140384,9.940652847290039
50.12561329872677,9.937176704406738
50.12588843104751,9.932584762573242
Langendorf
50.118982131441875,9.941253662109375
50.11788143387789,9.942197799682617
50.12214649597709,9.952239990234375
50.1248979472912,9.950480461120605
50.12553075872216,9.94863510131836
50.122916918287345,9.942584037780762
50.124237613399735,9.947047233581543
50.12049554927259,9.948077201843262
Machtilshausen
50.12264176888568,9.964878559112549
50.12181631119119,9.967947006225586
50.119958979334235,9.97507095336914
50.121940130752805,9.975929260253906
50.12288940341836,9.973397254943848
50.12389368589001,9.971380233764648
50.125420705161225,9.969019889831543
50.12786933706957,9.968698024749756
50.127002700773154,9.96683120727539
50.12518684050408,9.966444969177246
50.12083950119806,9.971723556518555
50.12356351315576,9.968869686126709
Elfershausen
50.14698636755676,9.95537281036377
50.149516394779205,9.958055019378662
50.1502863764981,9.960243701934814
50.150465120481236,9.962882995605469
50.14855390019655,9.966251850128174
50.14713762294577,9.97032880783081
50.147000118066416,9.973912239074707
50.144896244116,9.975521564483643
50.143218578961445,9.971122741699219
50.142503490682344,9.969384670257568
50.14409867293744,9.963891506195068
50.1449649996294,9.95760440826416
50.14792139320911,9.962668418884277
50.145693801995286,9.968247413635254
Feuerthal
50.150671362708515,9.933335781097412
50.1497501405401,9.938099384307861
50.145006252890035,9.934043884277344
50.14603757284163,9.932048320770264
50.14737138033337,9.935760498046875
50.14843014948768,9.93340015411377
Hammelburg
50.05149014968121,9.863834381103516
50.049919437877016,9.869413375854492
50.047108562128514,9.866838455200195
50.04895494024145,9.864392280578613
Gauaschach
50.04896871891559,9.922821521759033
50.04990565947582,9.926812648773193
50.05180015251542,9.92914080619812
50.05025011831853,9.93414044380188
50.0495267518933,9.93688702583313
50.046302471798036,9.935663938522339
50.045785740106666,9.92990255355835
50.04518632437545,9.925857782363892
50.04500718718688,9.923830032348633
50.04639203805885,9.922199249267578
50.04821088596438,9.928979873657227
Pfaffenhausen
50.07708274998269,9.906524419784546
50.08235659935715,9.908530712127686
50.08797405658672,9.906449317932129
50.09137450121819,9.906299114227295
50.093315537546275,9.903724193572998
50.09403824375122,9.900248050689697
50.09390746915046,9.893810749053955
50.08935078388573,9.892373085021973
50.08768493882933,9.90044116973877
50.085427006824325,9.898746013641357
50.083816100076774,9.897801876068115
50.07991940947873,9.900097846984863
50.08388494335285,9.903402328491211
50.09137450121819,9.898467063903809
50.098037021062105,9.90067720413208
50.10156062392078,9.903316497802734
50.10363887752877,9.903209209442139
50.10328103896264,9.898145198822021
50.104065527710006,9.892866611480713
50.101739549964,9.896600246429443
50.09988143925776,9.896278381347656
50.1017946039967,9.90016222000122
Hammelburg
50.1204680330118,9.875078201293945
50.12473286467236,9.87722396850586
50.12687889430692,9.881129264831543
50.12828201550463,9.889111518859863
50.12726406892794,9.890527725219727
50.12338466864043,9.889626502990723
50.11905092419939,9.89095687866211
50.12048179114415,9.892501831054688
50.12352224140384,9.895784854888916
50.12116969272156,9.897372722625732
50.119835154648236,9.899990558624268
50.12276558631213,9.9051833152771
50.12088077526306,9.91039752960205
50.11836299217594,9.909088611602783
50.116560563397016,9.904797077178955
50.11444159088392,9.902758598327637
50.110285930959314,9.901556968688965
50.10976300780853,9.894754886627197
50.11218491964428,9.890635013580322
50.11506078086123,9.887759685516357
50.11737235269593,9.883339405059814
50.12319206610741,9.883747100830078
50.11526717574099,9.894862174987793
50.11928481883551,9.904217720031738
Obereschenbach
50.102469010762235,9.844179153442383
50.10529040550089,9.847161769866943
50.10659782476125,9.849393367767334
50.10725840197403,9.851517677307129
50.105882189166046,9.852204322814941
50.10245524745377,9.852182865142822
50.099840147090134,9.851281642913818
50.10037694249303,9.848685264587402
50.10065221985362,9.845573902130127
50.103143408033105,9.848856925964355
Schloss Saaleck
50.1116757778926,9.877803325653076
50.11199227205055,9.874155521392822
50.11036849725063,9.872310161590576
Untereschenbach
50.114221432517894,9.854564666748047
50.11756497864464,9.857332706451416
50.115666203319094,9.86095905303955
50.1134646304142,9.85673189163208
Ochsenthal
50.114868144837445,9.809095859527588
50.115528607978156,9.812958240509033
50.11463422862381,9.814095497131348
50.11314814598755,9.812593460083008
Morlesau
50.116904543594,9.797337055206299
50.11757873761132,9.80180025100708
50.119807638007856,9.803731441497803
50.118995890001294,9.805619716644287
50.116932061903,9.804632663726807
50.11572124134475,9.799654483795166
Waizenbach
50.14435994771929,9.777553081512451
50.14327358530934,9.780685901641846
50.14213219062878,9.784119129180908
50.14555629296493,9.78656530380249
50.14755013521178,9.785406589508057
50.148897650485516,9.783132076263428
50.14741263151845,9.78006362915039
50.14594131725373,9.782896041870117
Dittlofsroda
50.15096010033239,9.755516052246094
50.154933502928614,9.761652946472168
50.154851013497385,9.763820171356201
50.151881299192404,9.764463901519775
50.14775639001055,9.766931533813477
50.14739888112739,9.764378070831299
50.14775639001055,9.75987195968628
50.15163381467489,9.761781692504883
Wartmannsroth
50.165807113552056,9.782037734985352
50.1650648723973,9.787487983703613
50.16377279548338,9.791264533996582
50.16194458443368,9.79407548904419
50.163649084159445,9.796586036682129
50.16516108949354,9.793689250946045
50.16778636694602,9.795985221862793
50.167731388791864,9.7922945022583
50.16767641057447,9.785170555114746
50.16690670889023,9.789741039276123
Völkersleier
50.18291669943719,9.772896766662598
50.18060829362532,9.773304462432861
50.17873950245244,9.77409839630127
50.17748902047613,9.781243801116943
50.178945622712845,9.780793190002441
50.18118540553653,9.778389930725098
50.18440061569463,9.779741764068604
50.18511507745058,9.776802062988281
50.18216098362633,9.776179790496826
Heckmühle
50.19978665897086,9.77957010269165
50.196297758824976,9.781243801116943
50.19513015656083,9.777746200561523
50.19731423636935,9.777617454528809
Schwärzelbach
50.18253197288205,9.816412925720215
50.182751817007265,9.821391105651855
50.18647527317465,9.825553894042969
50.187258398595134,9.81952428817749
50.18493646301353,9.819803237915039
50.191750817339326,9.817099571228027
50.189758818364524,9.817228317260742
50.18845367053206,9.818108081817627
50.189635174309934,9.819653034210205
50.19323445913215,9.82276439666748
50.193385568209514,9.827678203582764
50.19136616194213,9.82729196548462
50.1892230251492,9.823923110961914
50.190967765585604,9.822807312011719
Neuwirtshaus
50.197932354024104,9.836926460266113
50.199621834781084,9.838857650756836
50.19919603632347,9.842634201049805
50.19513015656083,9.841647148132324
50.1938938406875,9.838578701019287
50.19669611071164,9.835853576660156
Heiligkreuz
50.19811091985665,9.733264446258545
50.19848178522092,9.734830856323242
50.19510268322254,9.73611831665039
50.19301466325683,9.743778705596924
50.191654653780525,9.736976623535156
Detter
50.23496359349324,9.752683639526367
50.23897118388973,9.754142761230469
50.23913587217874,9.759421348571777
50.235512598392525,9.762468338012695
50.233234186739466,9.76560115814209
50.23153216964339,9.765686988830566
50.23180669263911,9.762468338012695
50.23268515560453,9.75534439086914
50.23743406575625,9.753713607788086
Weißenbach
50.24314311185096,9.726183414459229
50.24085134135889,9.727363586425781
50.23989068622368,9.72888708114624
50.24344501352213,9.735023975372314
50.24487215917237,9.734272956848145
50.24537988337667,9.729766845703125
50.24816540911999,9.730367660522461
50.250086366498124,9.72712755203247
50.251430990589206,9.721977710723877
50.248028194915605,9.71867322921753
50.244240926943704,9.720797538757324
50.24673836208295,9.719595909118652
Roßbach
50.241400278458265,9.678139686584473
50.23854573650975,9.678804874420166
50.23647334175455,9.682238101959229
50.238120285332805,9.684491157531738
50.240288674271405,9.687581062316895
50.240906235353286,9.690027236938477
50.24351362727162,9.693610668182373
50.24638159364681,9.692730903625488
50.245036827074514,9.687902927398682
50.24417231424123,9.686872959136963
50.24233345701931,9.685156345367432
50.24238834930689,9.681315422058105
50.244076256291756,9.690155982971191
Zeitlofs
50.25864740623843,9.66299057006836
50.25737157959272,9.665286540985107
50.257357860840976,9.669106006622314
50.25702860961361,9.672528505325317
50.25916184280009,9.673783779144287
50.26014954542559,9.677163362503052
50.261514461875656,9.676820039749146
50.26248839844655,9.67395544052124
50.26352404154432,9.672775268554688
50.26403842544152,9.672667980194092
50.264916294461884,9.67071533203125
50.263860106319584,9.666895866394043
50.26316054024037,9.664385318756104
50.2629822178317,9.669106006622314
50.2617956709586,9.669406414031982
50.260492492936145,9.666134119033813
50.25969685093104,9.665447473526001
50.262310073521476,9.672024250030518
50.260828579101016,9.673097133636475
50.25975858225182,9.670114517211914
Trübenbrunn
50.26771439397775,9.700863361358643
50.26687772458712,9.69968318939209
50.266754280317926,9.70219373703003
50.26523177468874,9.70118522644043
Rupboden
50.27143122290814,9.708051681518555
50.27418779794338,9.710841178894043
50.27235009898551,9.71614122390747
50.27347466945607,9.713544845581055
50.271266646215906,9.713544845581055
50.26960713278406,9.713330268859863
50.26700116853632,9.712450504302979
50.267193191821335,9.71092700958252
50.268441324301335,9.708867073059082
50.27073176803776,9.711141586303711
Eckarts
50.284526960742454,9.719746112823486
50.28670694842629,9.72013235092163
50.286789210157316,9.722857475280762
50.28822876743283,9.724209308624268
50.289983597403214,9.726698398590088
50.28857151274671,9.729015827178955
50.287214226835715,9.726827144622803
50.28573350714573,9.724102020263672
50.28332038375148,9.722063541412354
Wernarz
50.28551413734752,9.731440544128418
50.28528105582898,9.733414649963379
50.286953733192775,9.736590385437012
50.28868119072578,9.735560417175293
50.28914731931673,9.739787578582764
50.290627932789704,9.74086046218872
50.29175207151025,9.740173816680908
50.29023036517785,9.738028049468994
Staatsbad Brückenau
50.29283505808651,9.741353988647461
50.29538477724387,9.74663257598877
50.297673924802645,9.748907089233398
50.30151176935793,9.75109577178955
50.30326610945549,9.750924110412598
50.30550005825826,9.755322933197021
50.30691164051651,9.754507541656494
50.306733481959306,9.751052856445312
50.30559599236007,9.74910020828247
50.30480110396127,9.745924472808838
50.30337575356313,9.742534160614014
50.3017447713784,9.741525650024414
50.30089499379431,9.74412202835083
50.30367727355583,9.748392105102539
50.300963524807415,9.746761322021484
50.29851005303271,9.744079113006592
50.296824074492875,9.74461555480957
50.29478163021187,9.74311351776123
Sinnthalshof
50.30514372990018,9.758970737457275
50.30518484484699,9.76686716079712
50.30591120304632,9.773175716400146
50.30736388616424,9.778218269348145
50.307679085132975,9.77360486984253
50.307117207253185,9.77008581161499
50.30630863962948,9.767725467681885
50.30685682257,9.761438369750977
Bad Brückenau
50.30624011631761,9.779505729675293
50.30333463705238,9.776501655578613
50.302347830131275,9.778239727020264
50.30212853692398,9.78407621383667
50.29711192871741,9.784698486328125
50.299236513170065,9.788775444030762
50.30027821023307,9.791200160980225
50.30162141750973,9.7943115234375
50.30456811691289,9.789526462554932
50.307459816506324,9.793710708618164
50.309378382709994,9.795019626617432
50.31194091825121,9.795255661010742
50.314777360722466,9.79780912399292
50.3155583803856,9.80205774307251
50.316983365656924,9.807443618774414
50.318709732899016,9.80553388595581
50.316983365656924,9.800748825073242
50.31828499756704,9.798624515533447
50.31673673664729,9.795835018157959
50.31506510630162,9.794461727142334
50.31372227869894,9.79283094406128
50.31405113794515,9.789290428161621
50.31680524483387,9.788196086883545
50.319942813973555,9.784247875213623
50.317599932583285,9.785685539245605
50.31457182709966,9.78557825088501
50.31224238394161,9.78607177734375
50.31058429899086,9.784355163574219
50.309693568326324,9.781501293182373
50.30870689334353,9.777917861938477
50.31225608688213,9.789161682128906
50.31052948527792,9.791135787963867
50.30907689886125,9.785470962524414
50.30592490781136,9.782896041870117
50.306829413573055,9.7868013381958
50.304280307806756,9.78109359741211
50.304883334411706,9.784870147705078
50.30282753049737,9.787917137145996
50.30030562300561,9.785685539245605
Römershag
50.31743551551818,9.809675216674805
50.31880564035197,9.81478214263916
50.31866862964563,9.819352626800537
50.319134464436004,9.823386669158936
50.32090185491745,9.822549819946289
50.32294317764101,9.820704460144043
50.322902078048315,9.816734790802002
50.32117586306167,9.817979335784912
50.32132656686772,9.814395904541016
50.32118956342742,9.811434745788574
50.321038859187006,9.808838367462158
50.32001131753983,9.806606769561768
50.31960029466139,9.812164306640625
50.32040863627733,9.81879472732544
Volkersberg
50.32339527081529,9.759571552276611
50.32010722236674,9.762532711029053
50.320888154468776,9.765751361846924
50.32184717633939,9.766910076141357
50.32371036351487,9.763798713684082
50.32380626087839,9.766974449157715
50.32201157814577,9.770021438598633
50.32277877905691,9.772295951843262
50.32380626087839,9.770171642303467
50.325176202088,9.767725467681885
50.32629952441387,9.769377708435059
50.328710468045834,9.76984977722168
50.32992959183985,9.766888618469238
50.32886114796157,9.76708173751831
50.326943367922595,9.76611614227295
50.3264776096613,9.76309061050415
50.32612143849908,9.765644073486328
Speicherz
50.353785245901356,9.74961519241333
50.35707096412743,9.751439094543457
50.35807032498396,9.75809097290039
50.355482895378984,9.756052494049072
50.35326498632868,9.755473136901855
50.35223814149472,9.756975173950195
50.35248458628024,9.75409984588623
50.352689955957686,9.751567840576172
50.35561979994976,9.753499031066895
Kothen
50.3669404415786,9.764699935913086
50.36893872668145,9.770901203155518
50.3667625080032,9.768776893615723
50.37006101428841,9.77409839630127
50.37119696129814,9.775557518005371
50.37292135899747,9.773712158203125
50.37642470416084,9.772038459777832
50.37493307710353,9.768733978271484
50.37422145868035,9.76635217666626
50.37236025233904,9.763283729553223
50.37115590344621,9.763541221618652
50.36887029365169,9.763541221618652
50.37308558408117,9.768798351287842
50.371169589400786,9.771265983581543
50.37155279452668,9.767403602600098
50.37045791452738,9.77057933807373
50.370006269167334,9.767425060272217
50.36921245781363,9.768991470336914
Motten
50.40021597119057,9.764485359191895
50.40274625459105,9.764142036437988
50.40708161535843,9.762790203094482
50.40524905068032,9.770665168762207
50.40206240753302,9.770879745483398
50.40191195985611,9.77308988571167
50.3994500209334,9.77381944656372
50.397124738976,9.773476123809814
50.39633138138763,9.775235652923584
50.39552433159726,9.778668880462646
50.39544225796755,9.782552719116211
50.39422481577452,9.780406951904297
50.39382811437404,9.777660369873047
50.394005946446796,9.775235652923584
50.39251487226271,9.77508544921875
50.39148887655278,9.773540496826172
50.39129735489457,9.770729541778564
50.3936092432149,9.769914150238037
50.395250752279004,9.76733922958374
50.3975214127911,9.76459264755249
50.402253885703864,9.767060279846191
50.39987403064088,9.771180152893066
50.39779497900549,9.767704010009766
50.39587998235066,9.77182388305664
Eckartsroth
50.35152618270656,9.862203598022461
50.35147141620374,9.864907264709473
50.35063621920858,9.865121841430664
50.34999269674932,9.86297607421875
Oberbach
50.34866454835512,9.868147373199463
50.34765129676488,9.870314598083496
50.3441047459369,9.874649047851562
50.34510437973187,9.876387119293213
50.34807576965713,9.876773357391357
50.34936285781215,9.881258010864258
50.35130711631627,9.878790378570557
50.35382631878271,9.881172180175781
50.353285522998846,9.883671998977661
50.351786322732266,9.884777069091797
50.34997900468734,9.885635375976562
50.34859608609089,9.886311292648315
50.34744590529359,9.890120029449463
50.345433021863165,9.894561767578125
50.3443923139789,9.893231391906738
50.345446715235965,9.890828132629395
50.34644632078491,9.887845516204834
50.34658325141336,9.885399341583252
50.34498113834631,9.882824420928955
50.34491267077171,9.881064891815186
50.34702142677118,9.879777431488037
50.34824008072582,9.883832931518555
50.35159464074624,9.882674217224121
Neuwildflecken
50.399381631915695,9.91039752960205
50.39877980430508,9.919881820678711
50.39757612616029,9.920697212219238
50.395825267023795,9.917049407958984
50.39377339667899,9.917306900024414
50.396126200540024,9.909625053405762
50.393390371045356,9.908981323242188
50.39122895411487,9.910826683044434
50.39259695096036,9.914474487304688
Wildflecken
50.38977883436436,9.90964651107788
50.38646801740707,9.911534786224365
50.38631752023469,9.917607307434082
50.38523666287341,9.922628402709961
50.386960550268235,9.92666244506836
50.38945049920674,9.928851127624512
50.3923507144411,9.927263259887695
50.39549697373648,9.923293590545654
50.391092152259425,9.916706085205078
50.39007980626158,9.92314338684082
50.383006461605426,9.902007579803467
50.38427892057602,9.907135963439941
50.38203499145319,9.909496307373047
50.38043407469093,9.912307262420654
50.381966577312184,9.916491508483887
50.38139189463181,9.921019077301025
50.37858679589745,9.917714595794678
50.375466783916025,9.914731979370117
50.374508844328474,9.912285804748535
50.37303084244977,9.908809661865234
50.37412566307746,9.906964302062988
50.37456358425456,9.904389381408691
50.374467789342475,9.899518489837646
50.37597311559823,9.898960590362549
50.37777944405596,9.906320571899414
50.37996884088359,9.905805587768555
50.38191184592833,9.902458190917969
50.38241810881908,9.906492233276367
50.37905204326016,9.912543296813965
50.37995515746722,9.90915298461914
50.377738391900294,9.911513328552246
50.377136289535606,9.903745651245117
50.37642470416084,9.907779693603516
Riedenberg
50.316914857727035,9.851861000061035
50.319983916125175,9.856710433959961
50.32231297998061,9.85898494720459
50.327039258762674,9.86447811126709
50.32545018559134,9.864585399627686
50.32682007941531,9.86870527267456
50.32525839730484,9.870872497558594
50.32371036351487,9.870829582214355
50.32317607466178,9.868533611297607
50.32110736117369,9.866816997528076
50.319888011049464,9.867761135101318
50.317969868900676,9.86522912979126
50.31712038122053,9.861752986907959
50.31684634969842,9.858040809631348
50.324395340437796,9.861860275268555
50.32127176553897,9.863834381103516
50.31987431030856,9.860701560974121
Buchrasen
50.28748157409189,9.78608250617981
50.28792029453966,9.787541627883911
50.28674122416485,9.788635969161987
50.2862133750541,9.787852764129639
Dreistelz
50.28111281712841,9.77907657623291
50.27843891920891,9.780299663543701
50.28031751959433,9.776780605316162
Modlos
50.26798870861098,9.774119853973389
50.26623306765372,9.777767658233643
50.263777804961215,9.776179790496826
50.26285876346539,9.773025512695312
50.26591759405949,9.771716594696045
50.264353911483326,9.76961374282837
50.26248839844655,9.76658821105957
50.26180252969596,9.769656658172607
50.26014268645019,9.770064353942871
50.25797520075904,9.772617816925049
50.26001922472418,9.772789478302002
50.26110293339602,9.772295951843262
50.26556096921921,9.773626327514648
Oberleichtersbach
50.27664252395441,9.800877571105957
50.27698535271007,9.80379581451416
50.27790412160119,9.806349277496338
50.27492834314422,9.81027603149414
50.27381752102354,9.809095859527588
50.27191123501139,9.806821346282959
50.26989515165963,9.805748462677002
50.27354323996707,9.805963039398193
50.269716854465884,9.802637100219727
50.271458652301526,9.802379608154297
50.27293981608104,9.800255298614502
50.27507919353221,9.800770282745361
50.27554545534604,9.806370735168457
50.272802673222245,9.804117679595947
Unterleichtersbach
50.268976228207364,9.80729341506958
50.26989515165963,9.810597896575928
50.267110896222576,9.815061092376709
50.26535522290432,9.814653396606445
50.26423046067234,9.816970825195312
50.26423046067234,9.818387031555176
50.26279017756807,9.82003927230835
50.26252955025754,9.821197986602783
50.26130869808026,9.81851577758789
50.262831329118306,9.816992282867432
50.259731146119115,9.818129539489746
50.25825643073611,9.818204641342163
50.259333320419444,9.816906452178955
50.25831816392349,9.814460277557373
50.2573304233256,9.815661907196045
50.25667191821608,9.816123247146606
50.25449741481723,9.81553316116333
50.254682628752576,9.816380739212036
50.25727554824747,9.818000793457031
50.25765967246708,9.816842079162598
50.26566384204333,9.813580513000488
50.26638394559051,9.810994863510132
50.26552667822845,9.809943437576294
50.264052142269385,9.809235334396362
50.263818955658174,9.810941219329834
50.26318797439782,9.812175035476685
50.26545123796188,9.806510210037231
50.266767996363626,9.808473587036133
50.26763895717659,9.807840585708618
50.26857847972182,9.810833930969238
Untergeiersnest
50.24537988337667,9.818472862243652
50.24627181820608,9.820554256439209
50.244927048536304,9.821863174438477
50.24307449756808,9.819889068603516
50.24811052348565,9.828364849090576
50.24918078195333,9.83001708984375
50.24768515767619,9.830853939056396
Schönderling
50.24566804876223,9.8392653465271
50.24573665931152,9.84473705291748
50.24472121309563,9.849157333374023
50.24758910680668,9.850809574127197
50.24735583960329,9.855830669403076
50.24942776126319,9.85422134399414
50.25070380063895,9.852097034454346
50.25285789710606,9.848020076751709
50.2529127772726,9.84598159790039
50.25251489463313,9.843449592590332
50.251883763631454,9.842205047607422
50.25003148307621,9.841690063476562
50.24979822782788,9.845638275146484
50.25037450342609,9.847204685211182
50.24909845523226,9.849886894226074
50.249811948756424,9.846582412719727
50.24735583960329,9.845895767211914
50.24769887921318,9.84774112701416
50.24717745803029,9.84199047088623
Einraffshof
50.27346095534201,9.834094047546387
50.27320038642453,9.837462902069092
50.270512329098345,9.836733341217041
50.26826302166411,9.835166931152344
50.265533536428585,9.83475923538208
50.2659450266289,9.832592010498047
50.2698128607301,9.831433296203613
50.271074639356065,9.833579063415527
50.272720387317335,9.833600521087646
Breitenbach
50.28669323812396,9.809610843658447
50.28995617868257,9.81579065322876
50.29258830381977,9.817571640014648
50.29086098812129,9.821991920471191
50.290340039333586,9.824116230010986
50.28933925329177,9.82302188873291
50.28809166861606,9.821412563323975
50.286419031247945,9.818344116210938
50.286076270431174,9.8162841796875
50.28796827934329,9.81529712677002
50.2896408622599,9.818687438964844
Mitgenfeld
50.29427443247104,9.824674129486084
50.29293101773354,9.823858737945557
50.29279393246426,9.827978610992432
50.29142305804833,9.828085899353027
50.28994246931634,9.831626415252686
50.29132709536008,9.833664894104004
50.294644550274576,9.832913875579834
50.294000269278804,9.829115867614746
Schondra
50.27134893463313,9.85598087310791
50.27329638566529,9.858448505401611
50.272706672986025,9.863061904907227
50.27130779044232,9.865014553070068
50.26952484135679,9.864091873168945
50.26933282747344,9.868190288543701
50.2678104042791,9.869027137756348
50.26745379361257,9.864392280578613
50.266150770395804,9.863083362579346
50.26362691876817,9.86171007156372
50.26410700954142,9.859564304351807
50.267316634952834,9.861752986907959
50.26663083572877,9.859027862548828
50.265629551126665,9.856882095336914
50.268084718359326,9.85750436782837
50.269195674225585,9.857182502746582
50.27003230289287,9.858040809631348
50.27152722571591,9.861001968383789
50.26967570886482,9.860014915466309
50.26878421211188,9.863169193267822
Singenrain
50.25221305041444,9.883403778076172
50.25501189619316,9.884648323059082
50.25535488069068,9.886386394500732
50.254517994178954,9.89046335220337
50.252679536128305,9.887309074401855
Schildeck
50.288365865854615,9.863018989562988
50.28787230968769,9.866409301757812
50.290915824504026,9.868018627166748
50.291505311627105,9.865679740905762
50.29073760602911,9.86372709274292
Geroda
50.28902393278112,9.892480373382568
50.288050538894026,9.88969087600708
50.286912602487234,9.888467788696289
50.28474633509089,9.888296127319336
50.282977600618025,9.889411926269531
50.28135963090275,9.890398979187012
50.279906153586886,9.892544746398926
50.27854862053969,9.8921799659729
50.27702649199484,9.893467426300049
50.27560030937686,9.897469282150269
50.27850748257027,9.897887706756592
50.27678651233249,9.900140762329102
50.27845263188908,9.900280237197876
50.27976903079439,9.903702735900879
50.27982387995878,9.900655746459961
50.28244285400037,9.902844429016113
50.28115395284635,9.898767471313477
50.28070145799389,9.89668607711792
50.28164757868862,9.895849227905273
50.283032446085265,9.893746376037598
50.28338894008193,9.89168643951416
50.2859940074678,9.890484809875488
50.28151046091259,9.89269495010376
50.27982387995878,9.89518404006958
Platz
50.27963190760692,9.906728267669678
50.278027536966974,9.906063079833984
50.276628810752825,9.907479286193848
50.273707808790554,9.908573627471924
50.272706672986025,9.912586212158203
50.27343352710207,9.915246963500977
50.274804919743964,9.911320209503174
50.276601384337816,9.910504817962646
50.27834293033711,9.91039752960205
50.276519104998,9.916126728057861
50.27996100259327,9.90917444229126
50.27579229798706,9.909625053405762
Oehrberg
50.25167795823651,9.915761947631836
50.24953752943448,9.917607307434082
50.24859077064283,9.918766021728516
50.24768515767619,9.920976161956787
50.24758910680668,9.923465251922607
50.244844714466694,9.924613237380981
50.24584643598493,9.925729036331177
50.2469167452995,9.925289154052734
50.24841925435655,9.925804138183594
50.24993543693575,9.926072359085083
50.25222677064769,9.92664098739624
50.25040194494741,9.925063848495483
50.251177161395645,9.923100471496582
50.25104681614918,9.921051263809204
50.25026473718278,9.919248819351196
50.24961985539697,9.92288589477539
Waldfenster
50.26209059577412,9.95088815689087
50.260732554724434,9.9526047706604
50.26001922472418,9.954171180725098
50.25889433648134,9.954686164855957
50.25697373418781,9.955415725708008
50.25750190753738,9.959771633148193
50.25881202654258,9.960758686065674
50.26097261530291,9.959535598754883
50.26355833397697,9.960565567016602
50.26800242430117,9.957904815673828
50.2657804309754,9.959428310394287
50.263544617006865,9.958333969116211
50.263846389436395,9.957132339477539
50.263777804961215,9.955737590789795
50.263146823155715,9.953570365905762
50.262214052131434,9.955887794494629
50.26015640440001,9.95734691619873
Gefäll
50.309570235073096,9.980607032775879
50.30718572930128,9.983739852905273
50.30595231732964,9.986207485198975
50.307295364372855,9.989490509033203
50.30780242329115,9.993503093719482
50.30587008872745,9.993138313293457
50.304431065174796,9.991743564605713
50.30384173820071,9.989876747131348
50.30312905396552,9.988203048706055
50.30218336032059,9.984941482543945
50.30491074453027,9.982903003692627
50.307720197887896,9.980199337005615
50.30654161815127,9.981250762939453
50.30529448453134,9.986100196838379
Stangenroth
50.293397104694776,9.978783130645752
50.29347935486101,9.980971813201904
50.291505311627105,9.981765747070312
50.290189237304276,9.982001781463623
50.28972311891941,9.982903003692627
50.287940859461415,9.98434066772461
50.289613443341786,9.986464977264404
50.286802920431995,9.987194538116455
50.285637532983436,9.988288879394531
50.28497941922817,9.98682975769043
50.28363574205394,9.986035823822021
50.28170242568843,9.986186027526855
50.27941250968536,9.982860088348389
50.282730795233334,9.98105764389038
50.28288162089829,9.983739852905273
50.28401965368889,9.980285167694092
50.28589803383081,9.978933334350586
50.287543269399244,9.977173805236816
50.290312620818334,9.978697299957275
50.28873602962052,9.980649948120117
50.2866246865531,9.982924461364746
Wollbach
50.272583243826496,10.001206398010254
50.27362552444991,10.004446506500244
50.27576487109016,10.007600784301758
50.27765728990972,10.00455379486084
50.27761615117005,9.998717308044434
50.27523004344225,9.999275207519531
50.27551802830693,10.002601146697998
Burkardroth
50.27178780378988,10.001871585845947
50.27084148712823,10.004682540893555
50.26868820377379,10.004618167877197
50.26908595134288,10.001957416534424
50.26903108980674,9.998781681060791
50.26706974836985,9.997880458831787
50.26475169525308,9.998245239257812
50.26399727493418,9.995198249816895
50.26226892152087,9.995155334472656
50.2622963561919,9.998867511749268
50.260060378668406,9.998760223388672
50.25905895593219,9.995198249816895
50.25934703860231,9.992129802703857
50.260842296853305,9.991421699523926
50.26372293730996,9.99157190322876
50.266562255263196,9.991164207458496
50.269867721365586,9.98957633972168
50.27111578374838,9.98633623123169
50.272953530345205,9.986143112182617
50.27389980503236,9.989383220672607
50.275860865160205,9.99182939529419
50.27296724460542,9.997344017028809
50.2726655299684,9.992709159851074
50.26942883451188,9.994511604309082
50.26671313215709,9.994683265686035
Katzenbach
50.24319800320613,9.968504905700684
50.24199037878962,9.969255924224854
50.240055371336084,9.969792366027832
50.238806495031774,9.96985673904419
50.239698552873456,9.967947006225586
50.24000047636183,9.965929985046387
50.23908097614562,9.964556694030762
50.23924566405534,9.962410926818848
50.24222367225447,9.960758686065674
50.24374691328109,9.964556694030762
50.243609686355,9.966316223144531
50.24167474463737,9.96532917022705
Lauter
50.244693768303044,9.969642162322998
50.24562688238527,9.970221519470215
50.246230652350604,9.973182678222656
50.24661486561882,9.97732400894165
50.24487215917237,9.97809648513794
50.243609686355,9.979104995727539
50.2420452714723,9.977560043334961
50.23754386155225,9.978268146514893
50.24035729256451,9.975779056549072
50.24330778572683,9.9745774269104
50.24273142467215,9.972131252288818
50.24495449319454,9.97309684753418
Hassenbach
50.22255439682799,9.946403503417969
50.22085199853943,9.950029850006104
50.220247907122705,9.95487928390503
50.21846304688169,9.957497119903564
50.221154041379,9.957325458526611
50.22085199853943,9.961380958557129
50.22232100710808,9.96133804321289
50.222870157572544,9.958505630493164
50.22392725441741,9.956939220428467
50.22498432783437,9.95384931564331
50.222870157572544,9.952218532562256
50.222705413097046,9.94987964630127
50.222101345152055,9.954793453216553
Schlimpfhof
50.220289095416845,9.96760368347168
50.218064876640746,9.970886707305908
50.21649962348437,9.972302913665771
50.2142340345389,9.973397254943848
50.215511016083646,9.97781753540039
50.21713122304353,9.976487159729004
50.21888867346432,9.97507095336914
50.220646059143164,9.971165657043457
50.21774908408663,9.974040985107422
Poppenroth
50.229898725140345,9.982752799987793
50.22645320913984,9.981658458709717
50.226878764430595,9.98732328414917
50.226796399186796,9.990348815917969
50.22720822398332,9.992923736572266
50.22882803368004,9.993267059326172
50.22902021084052,9.99805212020874
50.22993990510105,10.002086162567139
50.23135372884867,10.000090599060059
50.233151832472245,9.99781608581543
50.23109292956285,9.997172355651855
50.23135372884867,9.991121292114258
50.230145804371126,9.986464977264404
50.229198660367516,9.98906135559082
Stralsbach
50.2464913688347,10.004253387451172
50.244789825007956,10.00581979751587
50.24477610263338,10.008609294891357
50.24312938900228,10.011227130889893
50.241221874594366,10.014338493347168
50.24013771367895,10.017170906066895
50.241551235052334,10.01854419708252
50.24277259355005,10.01577615737915
50.24417231424123,10.01330852508545
50.246834414667134,10.011420249938965
50.24948264538044,10.013222694396973
50.24853588549839,10.010937452316284
50.247719461511245,10.008974075317383
50.248796589371516,10.004178285598755
50.24836436901457,10.006914138793945
50.247246066406625,10.007214546203613
50.246024822539916,10.009746551513672
Frauenroth
50.26525920765318,10.012321472167969
50.26590387776886,10.01352310180664
50.26499859385296,10.015475749969482
50.265245491172934,10.017685890197754
50.26409329272933,10.019853115081787
50.262310073521476,10.02079725265503
50.260938321008624,10.019810199737549
50.26074627250438,10.018758773803711
50.261541896981214,10.017492771148682
50.26281761193884,10.01676321029663
50.26336629603616,10.013244152069092
50.26403842544152,10.015969276428223
50.26336629603616,10.018501281738281
Albertshausen
50.2088648457405,9.988696575164795
50.20823313675107,9.986915588378906
50.20526673924071,9.98931884765625
50.20467618439706,9.992258548736572
50.20522553797709,9.995391368865967
50.20521180421465,9.998009204864502
50.20743662219356,9.997515678405762
50.2093592208559,9.995713233947754
50.208603923475884,9.99354600906372
50.20802714288135,9.991593360900879
50.20661262762737,9.98906135559082
50.20673622771924,9.993653297424316
Oberthulba
50.20217654577134,9.950566291809082
50.20022618736137,9.949750900268555
50.19870155592911,9.950652122497559
50.19714940364316,9.952304363250732
50.19668237449501,9.956638813018799
50.196490067047286,9.960544109344482
50.19816586305537,9.967453479766846
50.20111896694593,9.968397617340088
50.204923394290546,9.96957778930664
50.203110492004114,9.963397979736328
50.20416802670605,9.960823059082031
50.20550021239599,9.955952167510986
50.203426381447144,9.953505992889404
50.2025611140803,9.959063529968262
50.20159968749854,9.954771995544434
50.199621834781084,9.956531524658203
50.20033606882668,9.960522651672363
Reith
50.1967785279284,9.926576614379883
50.196064240656455,9.92365837097168
50.19510268322254,9.921619892120361
50.191915668703885,9.920654296875
50.191434850633144,9.925525188446045
50.192698704913546,9.92664098739624
50.19415484337091,9.926018714904785
50.19385262960706,9.92365837097168
Frankenbrunn
50.19547357195555,9.893596172332764
50.1943196864359,9.895870685577393
50.192698704913546,9.897222518920898
50.19158596540566,9.900484085083008
50.18993741476709,9.903509616851807
50.18940162355559,9.900634288787842
50.187959078876055,9.899582862854004
50.1884948862722,9.897072315216064
50.18889330325956,9.893510341644287
50.19072048341668,9.893274307250977
50.19322072191957,9.892158508300781
50.1913936374304,9.89619255065918
Hetzlos
50.188783395457094,9.864864349365234
50.186269185403425,9.873490333557129
50.18328768282354,9.87419843673706
50.182449531074234,9.873297214508057
50.18391972195671,9.870250225067139
50.1860218789041,9.86572265625
50.18729961536681,9.867825508117676
Thulba
50.18128159017722,9.91316556930542
50.1791242595525,9.916362762451172
50.17698057338981,9.915611743927002
50.175867467635655,9.918465614318848
50.17487801852758,9.921727180480957
50.1758949520406,9.925096035003662
50.174424514171776,9.925739765167236
50.17124986315581,9.924795627593994
50.17865705409927,9.923315048217773
50.18211976242004,9.927048683166504
50.18401590109163,9.925460815429688
50.18569213491302,9.925439357757568
50.18543108597218,9.92239236831665
50.18283425829337,9.922821521759033
50.181652586262814,9.920568466186523
50.183658663328536,9.919517040252686
50.18302662074093,9.915204048156738
50.18126784952614,9.918122291564941
50.178986846658205,9.920353889465332
Reither Mühle
50.185183775133126,9.936661720275879
50.184785327198895,9.938088655471802
Windheim
50.14767388819777,9.831926822662354
50.14497875072024,9.829716682434082
50.1436586279736,9.833686351776123
50.14056444751728,9.835102558135986
50.14155460703906,9.83799934387207
50.14385114814341,9.838922023773193
50.14656009979588,9.836947917938232
50.14768763850979,9.835295677185059
50.14488249300145,9.835724830627441
Diebach
50.12918989553609,9.833428859710693
50.126906406882654,9.833621978759766
50.12482916293587,9.835660457611084
50.12349472688278,9.838664531707764
50.12509054296019,9.840230941772461
50.127429142816624,9.843213558197021
50.12885975933555,9.846024513244629
50.12895604929596,9.852869510650635
50.131872167742536,9.85400676727295
50.131005603930966,9.849157333374023
50.13084054237813,9.84623908996582
50.1310468692302,9.83799934387207
50.130895562959005,9.841818809509277
50.12935496278235,9.841346740722656
50.127841825047355,9.838128089904785
Untererthal
50.14983263877116,9.874284267425537
50.148760150666426,9.873683452606201
50.14731637869789,9.874627590179443
50.146065074402614,9.874048233032227
50.14466247463107,9.874756336212158
50.14198091941027,9.874155521392822
50.14167837553822,9.875850677490234
50.14356236759813,9.876987934112549
50.14343172820725,9.879294633865356
50.1443874502449,9.881730079650879
50.1459069402111,9.886021614074707
50.14706887055552,9.884862899780273
50.148072645641044,9.88344669342041
50.149777639966246,9.882652759552002
50.15075385935039,9.879230260848999
50.149598893413504,9.879326820373535
50.148485149842266,9.876923561096191
50.14621633270524,9.878017902374268
50.14702761907394,9.880528450012207
Obererthal
50.15776555374638,9.893381595611572
50.15875535718807,9.897544384002686
50.15751809968394,9.899775981903076
50.1559508608789,9.902114868164062
50.15500224401255,9.900226593017578
50.15384738068538,9.897458553314209
50.15420484136258,9.894776344299316
50.15579963336417,9.891536235809326
50.156610757163804,9.896621704101562
Trimberg
50.132119754520716,9.970457553863525
50.13643856223588,9.977688789367676
50.138020193649794,9.981701374053955
50.135558327324475,9.982001781463623
50.13379780891929,9.981186389923096
50.13377030030523,9.976379871368408
50.1353520199246,9.97532844543457
Engenthal
50.133715283029666,9.98783826828003
50.13416917366119,9.993159770965576
50.13119817502299,10.001163482666016
50.1324361135398,9.993159770965576
50.13280748884992,9.996743202209473
Wittershausen
50.18484028573229,9.987473487854004
50.18247701169264,9.99429702758789
50.17906929444221,9.995884895324707
50.177708887810546,9.9910569190979
50.177873787647336,9.987473487854004
50.17908303572572,9.985520839691162
50.18139151524371,9.984297752380371
50.18207854117821,9.98805284500122
50.18192739632041,9.991357326507568
50.17971513049404,9.989361763000488
Aura
50.15970389959005,9.998438358306885
50.15945645556051,10.004425048828125
50.15986886156488,10.011420249938965
50.161710898282024,10.01629114151001
50.163112998055766,10.014102458953857
50.16478996534077,10.012836456298828
50.16510610831941,10.008823871612549
50.166645557288085,10.008072853088379
50.16928449730311,10.010497570037842
50.16683798492274,10.005326271057129
50.16492741906668,10.002515316009521
50.16260439798932,9.998116493225098
50.16331918573025,10.010390281677246
50.16257690593967,10.003995895385742
50.16205455399208,10.008072853088379
Euerdorf
50.1479076429643,10.020818710327148
50.14585881230989,10.021462440490723
50.14444245524864,10.024080276489258
50.14279227762037,10.027449131011963
50.142173446332606,10.037899017333984
50.14375488815536,10.031976699829102
50.14467622580887,10.028436183929443
50.146436343927896,10.025861263275146
50.14882890062538,10.026655197143555
50.15105634581958,10.029852390289307
50.152568749465075,10.028049945831299
50.15412235067427,10.031332969665527
50.15640454055317,10.032620429992676
50.15724314922356,10.030882358551025
50.15691320658384,10.026869773864746
50.15791677504289,10.024659633636475
50.15647327952222,10.023565292358398
50.154232338227054,10.02429485321045
50.15322869242889,10.018715858459473
50.154851013497385,10.02802848815918
50.15232126850545,10.025582313537598
50.15013513106746,10.020153522491455
50.15023137821503,10.02302885055542
50.148705150628096,10.023393630981445
Sulzthal
50.138432784550034,10.033049583435059
50.138680337382254,10.038070678710938
50.13489814051356,10.037212371826172
50.131872167742536,10.035860538482666
50.1287359576732,10.039937496185303
50.12932745161418,10.037362575531006
50.12835079489786,10.035109519958496
50.1303315990062,10.034701824188232
50.12965758458845,10.029466152191162
50.13114315479007,10.032126903533936
50.13337142362422,10.028672218322754
50.13493940245609,10.032963752746582
50.136713632324664,10.033199787139893
50.13808895904696,10.035710334777832
50.134650568110985,10.035045146942139
50.13300005269082,10.033650398254395
50.13192718713729,10.034551620483398
Ramsthal
50.13943674087723,10.061030387878418
50.14291604291725,10.065150260925293
50.14105952984003,10.068411827087402
50.142269709503175,10.074012279510498
50.14012437004008,10.072746276855469
50.138597819913855,10.071437358856201
50.13775888423926,10.075621604919434
50.135558327324475,10.07744550704956
50.13579214130229,10.072896480560303
50.137291274363484,10.069549083709717
50.13636979446658,10.064313411712646
50.1400281025523,10.066566467285156
Wirmsthal
50.15082260644321,10.061266422271729
50.153132451313944,10.066266059875488
50.15199129190018,10.069377422332764
50.15013513106746,10.067853927612305
50.14921389856914,10.062296390533447
50.1508913534372,10.065343379974365
Premich
50.308802820976425,10.019102096557617
50.304609232357286,10.024380683898926
50.3064182767231,10.015411376953125
Steinberg
50.304280307806756,10.012493133544922
50.303101642820124,10.011827945709229
50.30168994747626,10.01476764678955
50.30030562300561,10.016355514526367
50.2993872865253,10.018415451049805
50.29807143022,10.0215482711792
50.2996340055304,10.025153160095215
50.300867581361395,10.02802848815918
50.30232041853564,10.028135776519775
50.30354021925065,10.023565292358398
50.30140212095336,10.023307800292969
50.302553416594876,10.019617080688477
Steinach
50.28884570722042,10.088109970092773
50.28917473850344,10.094547271728516
50.28865377125471,10.099267959594727
50.28632305846808,10.100126266479492
50.284609226241614,10.100748538970947
50.28408820901209,10.097465515136719
50.28447211699734,10.091607570648193
50.28603513896726,10.088067054748535
50.287392458506694,10.092809200286865
50.28610369138736,10.095491409301758
Roth an der Saale
50.28924328640102,10.102829933166504
50.28880457815009,10.10740041732788
50.284801178520006,10.106284618377686
50.286967443420075,10.103452205657959
50.286967443420075,10.107357501983643
Nickelsfelden
50.29232783959437,10.11664867401123
50.292218170020256,10.121240615844727
50.29084727901575,10.121283531188965
50.29038116707681,10.118193626403809
Hohn
50.281729849164634,10.076372623443604
50.2821137761726,10.078539848327637
50.28134591905995,10.080728530883789
50.280975697811904,10.083796977996826
50.27935766004698,10.08446216583252
50.278891435568994,10.08293867111206
50.27985130451727,10.079419612884521
50.280372368126706,10.081114768981934
Bad Bocklet
50.27244609994064,10.075407028198242
50.27011459344318,10.082294940948486
50.268729350228114,10.08195161819458
50.26682286050699,10.084097385406494
50.26317425732108,10.086286067962646
50.26095203872931,10.08568525314331
50.26130869808026,10.08268117904663
50.26383267254927,10.080513954162598
50.26427161097824,10.07622241973877
50.26613705417235,10.074763298034668
50.26796127721875,10.071887969970703
50.27062204869446,10.071995258331299
50.270142023595035,10.076780319213867
50.267014884510935,10.079913139343262
Aschach
50.256754231852554,10.047469139099121
50.2570011719086,10.052940845489502
50.2560888592196,10.057007074356079
50.25538231934381,10.057092905044556
50.25398292788576,10.059206485748291
50.25363307359899,10.062607526779175
50.25503247533263,10.063326358795166
50.255841914434704,10.06471037864685
50.257062906722616,10.067102909088135
50.259491079284075,10.068068504333496
50.260314160538776,10.064892768859863
50.261706507282774,10.062618255615234
50.25999178874162,10.059034824371338
50.25955281087149,10.053627490997314
50.25867484299528,10.063819885253906
50.25805751214368,10.057640075683594
50.25683654534679,10.061438083648682
Großenbrach
50.24997659959108,10.065600872039795
50.25026473718278,10.068433284759521
50.24937287708272,10.071415901184082
50.248398672360715,10.072939395904541
50.2474656125471,10.073754787445068
50.24435070706227,10.075643062591553
50.24323917168101,10.070836544036865
50.244940770867395,10.06721019744873
50.246024822539916,10.06472110748291
50.24816540911999,10.064764022827148
50.24856332807851,10.068283081054688
50.24684813644906,10.068905353546143
Windheim
50.26952484135679,10.107614994049072
50.26785155149187,10.111970901489258
50.26671313215709,10.114116668701172
50.26550610362214,10.116133689880371
50.2650534600347,10.114095211029053
50.26513575918874,10.107958316802979
50.26696002058882,10.109009742736816
50.2650534600347,10.111885070800781
Reichenbach
50.268221874806876,10.153212547302246
50.266987452557785,10.155658721923828
50.2637503711435,10.155744552612305
50.26313310606712,10.156989097595215
50.26117152172285,10.157783031463623
50.259744864187425,10.156667232513428
50.258688561367805,10.153963565826416
50.259813454469764,10.150229930877686
50.261637919726276,10.14911413192749
50.263818955658174,10.149328708648682
50.26608218923894,10.151216983795166
50.26520434170851,10.152955055236816
50.26309195477759,10.15263319015503
50.26144587404263,10.153748989105225
Burghausen
50.25077240393854,10.15909194946289
50.24794586620335,10.165057182312012
50.24440559702675,10.159692764282227
50.24852216420238,10.158748626708984
Haard
50.241715914427935,10.116562843322754
50.2418805932346,10.129094123840332
50.238477115609,10.12866497039795
50.235292997191436,10.124545097351074
50.232314556014614,10.123794078826904
50.232891043020985,10.121862888336182
50.233398894847184,10.118987560272217
50.23585572324432,10.117635726928711
50.237187024290606,10.12139081954956
50.238751598619345,10.115725994110107
50.24053569966425,10.124459266662598
50.237571310461746,10.126862525939941
Nüdlingen
50.229171206637595,10.124115943908691
50.22675521651158,10.129179954528809
50.22368014296746,10.13162612915039
50.22074216430538,10.132098197937012
50.21891613311346,10.13312816619873
50.21785892521212,10.129480361938477
50.21493431897307,10.129523277282715
50.21261372919115,10.128557682037354
50.212078192444224,10.125360488891602
50.21493431897307,10.11915922164917
50.21722733528691,10.11692762374878
50.216554545517106,10.11143445968628
50.218545426516634,10.110340118408203
50.22046757761392,10.113837718963623
50.22182676628447,10.114481449127197
50.2250255120388,10.115983486175537
50.226919946999175,10.120253562927246
50.2250255120388,10.121369361877441
50.22453129923868,10.127034187316895
50.22227982056838,10.120553970336914
50.22200524272817,10.12664794921875
50.2194515931121,10.126090049743652
50.21928683682959,10.119695663452148
50.21722733528691,10.122184753417969
50.21475581607375,10.123429298400879
Kleinbach
50.23917704416211,10.077338218688965
50.23695370617542,10.075042247772217
50.23510084531074,10.0699782371521
50.2354576981871,10.06824016571045
50.2369811554247,10.06969928741455
50.23835359773872,10.07220983505249
50.239190768148646,10.07448434829712
50.23742034126393,10.072660446166992
Hausen
50.23309692954841,10.073046684265137
50.233000849279556,10.07744550704956
50.2316694313388,10.0789475440979
50.23113410849229,10.082595348358154
50.22985754514407,10.085406303405762
50.22934965559957,10.081136226654053
50.228924122357085,10.076994895935059
50.22842994995543,10.073089599609375
50.227867136260855,10.073132514953613
50.22664539587038,10.072993040084839
50.22670030622259,10.06969928741455
50.224682309248685,10.069152116775513
50.22640516233621,10.067092180252075
50.227571999595504,10.06546139717102
50.22974086829488,10.065525770187378
50.23119587681974,10.067574977874756
50.23222533716462,10.070418119430542
50.231930227471544,10.076243877410889
50.2303791558025,10.076522827148438
50.23099684525589,10.072767734527588
50.22974773164686,10.069677829742432
50.228526039434584,10.070643424987793
50.22827895181128,10.068111419677734
Saline Kissingen
50.222183718504105,10.06894826889038
50.219890940416946,10.06922721862793
50.216719311235934,10.069613456726074
50.21356120255784,10.071330070495605
50.21445373272273,10.07420539855957
50.21660946748661,10.07723093032837
50.21914953949283,10.074763298034668
50.219190728735335,10.072124004364014
50.217378368420995,10.072660446166992
Garitz
50.19929218469426,10.049829483032227
50.19687468116813,10.048584938049316
50.19434716022471,10.047898292541504
50.19052815195554,10.045108795166016
50.1882750685805,10.043907165527344
50.188110204647714,10.047855377197266
50.18769804232584,10.052189826965332
50.188027772467926,10.058112144470215
50.1909402898523,10.059013366699219
50.19161344076745,10.061609745025635
50.19328940794289,10.061094760894775
50.194209791122475,10.057060718536377
50.194333423332274,10.053820610046387
50.19197061903228,10.057125091552734
50.19328940794289,10.050816535949707
50.19050067596927,10.048885345458984
50.1911326196535,10.053369998931885
Reiterswiesen
50.19129747315226,10.08871078491211
50.18964891255403,10.092873573303223
50.18713474806664,10.094633102416992
50.18536238864535,10.101499557495117
50.18320524232001,10.103023052215576
50.182312127744986,10.106585025787354
50.18071822024117,10.103473663330078
50.181446477682115,10.098280906677246
50.18211976242004,10.096371173858643
50.18321898241381,10.093860626220703
50.18305410102734,10.088968276977539
50.18573335303638,10.08620023727417
50.19019843907705,10.082509517669678
50.19153101463463,10.084333419799805
50.18916807165902,10.088067054748535
50.187052314203136,10.090277194976807
50.18566465614432,10.094912052154541
50.18411208003289,10.099654197692871
Winkels
50.20264352117195,10.094976425170898
50.2031516950935,10.089633464813232
50.20508820017487,10.085406303405762
50.206804894298664,10.083174705505371
50.21078738686487,10.08272409439087
50.21196833800963,10.087122917175293
50.21597786102007,10.089848041534424
50.213547471194126,10.08744478225708
50.21115815374392,10.094997882843018
50.20896097463627,10.0974440574646
50.209084568646304,10.102486610412598
50.207189425317495,10.106842517852783
50.204154292639295,10.103023052215576
50.21011450628181,10.089569091796875
50.20874125116142,10.094633102416992
50.2082468696441,10.087637901306152
50.20665382769356,10.096435546875
50.2063791599138,10.092616081237793
Bad Kissingen
50.21167996891553,10.071158409118652
50.208205670953156,10.071072578430176
50.20577488523413,10.07270336151123
50.208576457891354,10.067274570465088
50.20644782700694,10.067188739776611
50.201833178591585,10.072574615478516
50.20011630564314,10.07296085357666
50.20301435132388,10.06772518157959
50.20246497229351,10.06349802017212
50.19995148259153,10.063154697418213
50.19867408464594,10.061116218566895
50.19827574926312,10.056610107421875
50.199360861983415,10.052897930145264
50.19599555862484,10.053713321685791
50.19482794897023,10.058906078338623
50.192506381420074,10.062704086303711
50.19061057981945,10.065751075744629
50.18940162355559,10.068883895874023
50.19695709807661,10.059099197387695
50.20074812206894,10.067381858825684
50.19747906852646,10.072574615478516
50.19415484337091,10.072488784790039
50.19132494868005,10.071158409118652
50.19756148439161,10.067639350891113
50.19602303144933,10.06274700164795
50.19517136653862,10.06798267364502
50.19319324748258,10.067296028137207
50.187752997507616,10.073304176330566
50.18401590109163,10.074248313903809
50.17854712274037,10.080299377441406
50.18470288928029,10.079312324523926
50.189126856499875,10.079526901245117
50.19162717844243,10.07622241973877
50.193385568209514,10.079998970031738
50.19484168572038,10.083861351013184
50.19670984692433,10.087723731994629
50.19811091985665,10.092787742614746
50.20116017175442,10.094890594482422
50.20151727860476,10.08944034576416
50.20286327272086,10.084633827209473
50.20852152667491,10.078153610229492
50.21266865569714,10.078668594360352
50.21228416882741,10.075235366821289
50.20920816233625,10.075020790100098
50.205417810236305,10.076093673706055
50.20379720551707,10.080428123474121
50.203055554496274,10.076050758361816
50.200693181842155,10.077552795410156
50.201434869568715,10.081372261047363
50.19811091985665,10.079612731933594
Arnshausen
50.17552391123974,10.08493423461914
50.17093376081612,10.076608657836914
50.169724306472105,10.084161758422852
50.167937556543805,10.084633827209473
50.16705790127083,10.09119987487793
50.1700266729278,10.092101097106934
50.17349000677419,10.088839530944824
50.17291280189796,10.083475112915039
50.169614354559315,10.088539123535156
Eltingshausen
50.16150470367009,10.11991024017334
50.159002804846516,10.124502182006836
50.1573256345277,10.128364562988281
50.1548235169887,10.127291679382324
50.15177130623166,10.1273775100708
50.15119383903671,10.125489234924316
50.153833632144426,10.122013092041016
50.15556591717328,10.115103721618652
50.15889282826753,10.117979049682617
50.15707817818832,10.121541023254395
Oerlenbach
50.15232126850545,10.131969451904297
50.151083844494615,10.128622055053711
50.14858140031059,10.126690864562988
50.14607882517715,10.129823684692383
50.14343860397356,10.131325721740723
50.14121080397223,10.133042335510254
50.13924420294045,10.134501457214355
50.14066071392575,10.137484073638916
50.142709767244554,10.140595436096191
50.14613382823584,10.138857364654541
50.149310147570795,10.13514518737793
50.14874640066278,10.132527351379395
50.145666300220846,10.134930610656738
50.143191075763745,10.135660171508789
Ebenhausen
50.13173461897894,10.125467777252197
50.12982265022155,10.120489597320557
50.12956129603952,10.125703811645508
50.12630112656319,10.12690544128418
50.12564081203001,10.131025314331055
50.123797385744425,10.130445957183838
50.122242799443995,10.136733055114746
50.12487043356093,10.13563871383667
50.12514557015185,10.138535499572754
50.12749792343551,10.13939380645752
50.12905233906265,10.137848854064941
50.13185841288399,10.137269496917725
50.13522823505767,10.13540267944336
50.13416917366119,10.132184028625488
50.130716745839884,10.130059719085693
50.131693354272734,10.134329795837402
50.12990518282461,10.13364315032959
50.12833703902711,10.130510330200195
50.12734660594345,10.134243965148926
Rottershausen
50.16830865625607,10.154006481170654
50.168336145009015,10.15735387802124
50.170012929039494,10.159263610839844
50.16949065835505,10.165464878082275
50.167016667032634,10.165679454803467
50.165037381762794,10.164263248443604
50.16275560397974,10.1613450050354
50.164460074785794,10.157418251037598
50.167580198541856,10.162246227264404
50.16715411435489,10.159413814544678
50.16555970111453,10.160765647888184
Schwarze Pfütze
50.179000587965426,10.155014991760254
50.17737908642949,10.152440071105957
50.17687063817318,10.154263973236084
Waldsiedlung
50.18580204982965,10.170807838439941
50.185829528519285,10.174648761749268
50.18375484298914,10.173060894012451
Rannungen
50.16670053669134,10.195033550262451
50.164075199593945,10.197179317474365
50.16308550629863,10.199346542358398
50.16098234000587,10.202393531799316
50.16080363533666,10.206835269927979
50.161820868378044,10.211362838745117
50.16417141868243,10.21052598953247
50.16646687379076,10.21031141281128
50.16876221865774,10.210161209106445
50.16999918514724,10.20404577255249
50.167841345036926,10.201213359832764
50.166865474521586,10.206255912780762
50.16587583900186,10.201706886291504
50.16411643636989,10.20578384399414
Münnerstadt
50.259854608591745,10.18484115600586
50.25189748395951,10.18857479095459
50.25639753840074,10.195484161376953
50.257056047302804,10.203595161437988
50.25244629384224,10.203123092651367
50.25063519724059,10.206341743469238
50.24918078195333,10.20153522491455
50.24525638339235,10.21028995513916
50.243609686355,10.209860801696777
50.24286865412684,10.200204849243164
50.24577782559368,10.203680992126465
50.24580526976203,10.19981861114502
50.242017825138845,10.19479751586914
50.24565432664054,10.196621417999268
50.24193548604371,10.190913677215576
50.23905352810535,10.183532238006592
50.24175708418293,10.183274745941162
50.244240926943704,10.186922550201416
50.24594249036674,10.189476013183594
50.24838495102524,10.18481969833374
50.25042938645291,10.182974338531494
50.25148587239925,10.177652835845947
50.251170301128425,10.180914402008057
50.251156580590965,10.186793804168701
50.248892637807344,10.188961029052734
50.25247373417045,10.191514492034912
50.25219933017725,10.196685791015625
50.248988686049586,10.197608470916748
50.24635414981032,10.193660259246826
50.24948264538044,10.194003582000732
50.254641470162504,10.195720195770264
50.25462775062457,10.200355052947998
Althausen
50.245448494340806,10.22404432296753
50.24322544886001,10.226147174835205
50.244789825007956,10.228486061096191
50.24588760217225,10.230803489685059
50.24699907578961,10.231339931488037
50.24784981585927,10.232563018798828
50.2486868194935,10.228593349456787
50.246477646950055,10.227499008178711
Brünn
50.24577782559368,10.236618518829346
50.24337639967386,10.23975133895874
50.24098857622638,10.24350643157959
50.24233345701931,10.247454643249512
50.24358224092236,10.24399995803833
50.24451537676601,10.24052381515503
Fridritt
50.26447736197429,10.250566005706787
50.26285876346539,10.253398418426514
50.26022499408974,10.255672931671143
50.25870227973636,10.256059169769287
50.25748132946457,10.252604484558105
50.26027986577046,10.250136852264404
50.26270787436091,10.251123905181885
50.260321019489474,10.253334045410156
Poppenlauer
50.219355485349794,10.231618881225586
50.220632329818464,10.23475170135498
50.220124342026836,10.238034725189209
50.218092336764066,10.240695476531982
50.216513353998494,10.24174690246582
50.21409672266026,10.24550199508667
50.21222924187886,10.245931148529053
50.21067752945858,10.243849754333496
50.209139499214686,10.243098735809326
50.20706582639933,10.241961479187012
50.20431910117931,10.244429111480713
50.205417810236305,10.241918563842773
50.20242376861134,10.235331058502197
50.20598088882536,10.233829021453857
50.2061044905533,10.238142013549805
50.209578941485496,10.235395431518555
50.21159757742569,10.233807563781738
50.21165250510139,10.229322910308838
50.21413791626534,10.228915214538574
50.217035110606524,10.230181217193604
50.21722733528691,10.23777723312378
50.21663692844766,10.234472751617432
50.21459104357392,10.234601497650146
50.215085359366256,10.23927927017212
50.2125313393136,10.242068767547607
50.212545070969746,10.237691402435303
50.210004647326436,10.23876428604126
Maßbach
50.18948405336401,10.26745319366455
50.18706605319028,10.272924900054932
50.186324142229395,10.27522087097168
50.18808272727027,10.27895450592041
50.18889330325956,10.284082889556885
50.18515629607197,10.283331871032715
50.18387850226818,10.284855365753174
50.182971660120685,10.281486511230469
50.181789991489254,10.279684066772461
50.181020517130506,10.277237892150879
50.17857460560381,10.279297828674316
50.177241668515435,10.280156135559082
50.17559262271656,10.282816886901855
50.17505667057683,10.287644863128662
50.17273414183269,10.282516479492188
50.173819835001524,10.278074741363525
50.17533151857898,10.27444839477539
50.177708887810546,10.274190902709961
50.17758521255945,10.268332958221436
50.17982505916522,10.267002582550049
50.18383728254408,10.268676280975342
50.187175964945055,10.269427299499512
50.184263217977836,10.277109146118164
50.18415329951985,10.27320384979248
50.1816251051701,10.275092124938965
50.18052584849738,10.271315574645996
50.184469314404794,10.291872024536133
50.18210602201004,10.285584926605225
50.17986628235167,10.282559394836426
50.178533381302714,10.284619331359863
50.17792875413311,10.292773246765137
50.178945622712845,10.295326709747314
50.18128159017722,10.293803215026855
50.181171664857764,10.2897047996521
Volkershausen
50.16594456435284,10.296549797058105
50.16645312887867,10.299832820892334
50.16674177120227,10.30393123626709
50.16535352310494,10.305025577545166
50.16333293154361,10.31064748764038
50.16179337587775,10.30466079711914
50.162109538676425,10.29991865158081
50.16371781271228,10.298545360565186
50.164570038557116,10.307385921478271
50.16395148905268,10.302278995513916
Rothhausen
50.18115792417505,10.3271484375
50.18037469872665,10.331332683563232
50.182449531074234,10.331461429595947
50.18348004344506,10.333006381988525
50.18385102245606,10.336289405822754
50.185568480329415,10.336461067199707
50.18566465614432,10.333585739135742
50.18646153401758,10.330946445465088
50.18668136005661,10.328757762908936
50.1864890123278,10.324015617370605
50.18527995172271,10.324873924255371
50.184043380808895,10.32787799835205
Thurndorf in Unterfranken
50.194443318361124,10.317363739013672
50.19423726497455,10.319445133209229
50.19482794897023,10.32388687133789
50.197080723172604,10.324616432189941
50.197259292190516,10.320024490356445
50.19846804951806,10.321011543273926
50.19992401202762,10.32365083694458
50.20151727860476,10.323929786682129
50.20331650709539,10.320839881896973
50.20312422637119,10.317556858062744
50.20254737955116,10.315539836883545
50.20014377609642,10.315325260162354
50.19890759004921,10.317578315734863
50.19647633077139,10.31839370727539
50.201324990632685,10.318844318389893
50.1962428134763,10.320603847503662
Theinfeld
50.21773535392816,10.3316330909729
50.21941040409483,10.335559844970703
50.22008315359044,10.338263511657715
50.21840812704603,10.340194702148438
50.21711749270724,10.339486598968506
50.216376048679564,10.336589813232422
50.21726852618907,10.334615707397461
50.21832574717402,10.3371262550354
Seubrigshausen
50.23101057159733,10.320088863372803
50.23256162272793,10.323178768157959
50.232740059002516,10.327105522155762
50.23161452670805,10.32740592956543
50.23039288232172,10.327963829040527
50.22941828963789,10.329079627990723
50.22752395391896,10.329294204711914
50.22608256111527,10.327255725860596
50.224792134410215,10.321440696716309
50.228265224683554,10.322556495666504
50.22992617845142,10.319595336914062
50.2304752413541,10.323350429534912
50.22814168035625,10.3261399269104
50.225080424256035,10.32465934753418
Großwenkheim
50.25550579308735,10.305840969085693
50.25151331328055,10.30768632888794
50.25022357477635,10.309896469116211
50.25280301687632,10.31468152999878
50.25549207379832,10.315968990325928
50.25734414208526,10.319037437438965
50.259772300312214,10.317041873931885
50.260567941057104,10.315110683441162
50.259731146119115,10.312213897705078
50.25737157959272,10.309360027313232
50.25760479776817,10.31393051147461
50.25538231934381,10.309810638427734
50.254147564308276,10.312020778656006
Maria Bildhausen
50.27743788288732,10.284619331359863
50.27753387358404,10.288631916046143
50.27531232500991,10.28942584991455
50.27483234719388,10.28543472290039
Kleinwenkheim
50.25535488069068,10.277516841888428
50.252871617153644,10.277838706970215
50.251870043299455,10.282258987426758
50.25325577688132,10.284726619720459
50.25528628398869,10.283739566802979
50.25660332341041,10.281057357788086
50.254476835446646,10.281422138214111
Wermerichshausen
50.24148261847795,10.271186828613281
50.242155056648045,10.27470588684082
50.23972600054231,10.279254913330078
50.23862808146026,10.275564193725586
50.23714585058855,10.272774696350098
50.238806495031774,10.270693302154541
50.24019260849515,10.273268222808838
Weichtungen
50.22144235321452,10.288524627685547
50.220632329818464,10.293910503387451
50.21744701968754,10.294039249420166
50.21540116955238,10.29395341873169
50.21470089197037,10.28994083404541
50.21371224729785,10.284855365753174
50.21667811985959,10.283632278442383
50.21979483353978,10.284168720245361
50.21952024139521,10.288159847259521
50.21744701968754,10.287773609161377