Fahr
49.8794544309816,10.167996883392334
49.87865244217271,10.170142650604248
49.87693780072525,10.17284631729126
49.87468378426193,10.171301364898682
49.87272007680403,10.16808271408081
49.87238817469744,10.164949893951416
49.874497097199,10.1638662815094
49.877490917522266,10.164799690246582
Gaibach
49.89018320678802,10.22279977798462
49.892077085803116,10.227305889129639
49.89169002168178,10.232133865356445
49.88869016948518,10.231876373291016
49.88775008526658,10.227499008178711
Volkach
49.872678589165474,10.220203399658203
49.871682875147265,10.230159759521484
49.866925291485295,10.24174690246582
49.86108831331889,10.24925708770752
49.856883038939166,10.237541198730469
49.85563798617475,10.230331420898438
49.85898572187921,10.225739479064941
49.862609868476724,10.222220420837402
49.86886157394486,10.214366912841797
49.86460165007596,10.232906341552734
Astheim
49.865016594239556,10.214581489562988
49.86291417375795,10.219688415527344
49.85884739028713,10.215868949890137
49.86031368501282,10.209603309631348
49.863688760370025,10.209817886352539
Nordheim
49.85561031797117,10.18059253692627
49.856813870182734,10.186793804168701
49.859137886173066,10.191707611083984
49.86118514098389,10.19057035446167
49.8610606482361,10.18409013748169
49.85834939327646,10.178790092468262
49.85897188873782,10.185120105743408
Escherndorf
49.85944221332317,10.17733097076416
49.8576162216702,10.170056819915771
49.86158628210023,10.172417163848877
49.86355044224302,10.176515579223633
49.86435268186699,10.179283618927002
49.86247154726072,10.17758846282959
49.85905488752674,10.173447132110596
Köhler
49.851708942674435,10.167288780212402
49.848748114348055,10.167503356933594
49.84429269442626,10.169520378112793
Sommerach
49.826051632804116,10.20205020904541
49.829622883000184,10.201148986816406
49.83338763645338,10.204582214355469
49.83338763645338,10.212864875793457
49.831948206501146,10.218143463134766
49.82998276180644,10.214323997497559
49.82588552172681,10.212478637695312
49.824169007194264,10.209474563598633
49.830314955251,10.207457542419434
Neuses a.Berg
49.82562251135454,10.173275470733643
49.82695139122671,10.171816349029541
49.82839096989254,10.172224044799805
49.82951215052108,10.175657272338867
49.828889275602585,10.179691314697266
49.82787881700774,10.18282413482666
49.82499958634772,10.181021690368652
49.82448739755525,10.1768159866333
Schneppenbach
49.829235318214224,10.147590637207031
49.828861592086696,10.149049758911133
49.829775139745,10.151174068450928
49.8327232894913,10.151903629302979
49.83351220049278,10.14937162399292
49.832695608169836,10.148427486419678
49.83126999869509,10.147247314453125
Neusetz
49.83784406137059,10.147547721862793
49.839601606714524,10.144007205963135
49.84077788090327,10.143277645111084
49.84187109831478,10.144994258880615
49.84231391352308,10.14714002609253
49.84111000019937,10.149199962615967
49.839906056896446,10.148470401763916
Schernau
49.826522277758826,10.120339393615723
49.82588552172681,10.126047134399414
49.823726025814885,10.130681991577148
49.821123428293106,10.127935409545898
49.82137261922291,10.123300552368164
49.82380908513248,10.122442245483398
Euerfeld
49.824058262229705,10.100598335266113
49.82641153818144,10.106477737426758
49.82339378711844,10.11364459991455
49.82098498833307,10.111455917358398
49.82029278259107,10.107250213623047
49.821815622151334,10.103344917297363
Effeldorf
49.79682114938493,10.079784393310547
49.79870483905052,10.08218765258789
49.79755524304215,10.086157321929932
49.79853863408643,10.089869499206543
49.79596238419031,10.090577602386475
49.794106291258664,10.08744478225708
49.79389851523444,10.083925724029541
49.79495123790686,10.082273483276367
Bibergau
49.80021450801505,10.104503631591797
49.799854407766155,10.111455917358398
49.79802616518914,10.112314224243164
49.794480285855876,10.110125541687012
49.794397176194984,10.104718208312988
49.797139719697356,10.102701187133789
Dettelbach
49.80351068583185,10.14913558959961
49.808080645130985,10.154049396514893
49.80708359989752,10.159564018249512
49.8060588375626,10.165164470672607
49.809797730447706,10.172781944274902
49.810531627364426,10.176622867584229
49.80766521211283,10.1798415184021
49.80320600653908,10.177888870239258
49.80197342074059,10.168318748474121
49.80046380661852,10.161237716674805
49.79702891286986,10.153791904449463
49.80010370822371,10.151495933532715
49.806225016712254,10.173296928405762
49.803372195481934,10.157461166381836
Mainsondheim
49.79144669082767,10.164413452148438
49.791058820228734,10.169177055358887
49.79184841067346,10.174412727355957
49.79395392226141,10.175206661224365
49.79574076489369,10.172395706176758
49.79641947078641,10.168275833129883
49.794203253098246,10.167503356933594
Schwarzenau
49.80744364637863,10.211105346679688
49.809299228082466,10.216083526611328
49.806585069579455,10.21852970123291
49.802319655875806,10.218358039855957
49.80035300739767,10.214838981628418
49.804286224470175,10.209989547729492
Gerlachshausen
49.813660949700214,10.223464965820312
49.81379941061578,10.225052833557129
49.811154738652895,10.22977352142334
49.81096088266724,10.234322547912598
49.80859300760966,10.232648849487305
49.80629425785625,10.22951602935791
49.807042055900425,10.226082801818848
49.8102269922593,10.224924087524414
49.80961771629696,10.227799415588379
Münsterschwarzach
49.805948051145904,10.22975206375122
49.80576802267803,10.230717658996582
49.80272128553066,10.231812000274658
49.80136404088868,10.230438709259033
49.802098065674514,10.229129791259766
49.80488171892082,10.228228569030762
Schwarzach
49.79677959658098,10.222692489624023
49.79597623536267,10.23127555847168
49.79880179168278,10.240116119384766
49.801045498368126,10.236940383911133
49.80074080356137,10.227584838867188
Hörblach
49.788967035954485,10.214924812316895
49.79337214531677,10.218658447265625
49.790961852093645,10.22028923034668
49.787124528621476,10.24524450302124
Düllstadt
49.799549705463726,10.250458717346191
49.80265203927617,10.250802040100098
49.804120038665,10.255608558654785
49.8011562960043,10.254921913146973
Dimbach
49.831865161158326,10.253205299377441
49.83291705829795,10.256938934326172
49.83131152189531,10.259599685668945
49.830010444680646,10.25547981262207
Obervolkach
49.874559326300165,10.251059532165527
49.8754166968639,10.25247573852539
49.87663358378623,10.258097648620605
49.87406149124548,10.263762474060059
49.872706247595154,10.26148796081543
49.87129564748499,10.260329246520996
49.8709360761615,10.25449275970459
Krautheim
49.88502650262817,10.280413627624512
49.88539979461541,10.285413265228271
49.88595281447565,10.289254188537598
49.88441816876009,10.2897047996521
49.88325678281519,10.288524627685547
49.88298025823394,10.286142826080322
49.883892783341125,10.282645225524902
Frankenwinheim
49.88436286530104,10.308072566986084
49.881749704640306,10.311377048492432
49.88259312115918,10.315818786621094
49.88610489382654,10.317256450653076
49.88667173082233,10.321226119995117
49.888247779192504,10.31888723373413
49.89023850357895,10.316076278686523
49.88813718098579,10.312321186065674
49.88566247983901,10.311355590820312
Lülsfeld
49.87101905439681,10.318822860717773
49.869110518915456,10.31667709350586
49.86565283503459,10.317492485046387
49.86559751008074,10.324702262878418
49.869055197921774,10.324058532714844
Järkendorf
49.85328613231585,10.32865047454834
49.85173661311173,10.326933860778809
49.85101717659351,10.329551696777344
49.85295409666871,10.332512855529785
Rimbach
49.865874134216426,10.293545722961426
49.86460165007596,10.28895378112793
49.86233322564867,10.289640426635742
49.86266519685224,10.29491901397705
49.864546323918184,10.296506881713867
Eichfeld
49.84664498592937,10.298051834106445
49.84520595060291,10.294876098632812
49.840694850722784,10.299854278564453
49.84019666664545,10.304489135742188
49.84182958418106,10.306119918823242
49.844209670281955,10.303072929382324
Stadelschwarzach
49.83900653946,10.329122543334961
49.8365431598958,10.324444770812988
49.83407965483448,10.325860977172852
49.835020783941445,10.33212661743164
49.83560206041656,10.335559844970703
49.83803780965966,10.33414363861084
Neuses a. Sand
49.84769656157703,10.35409927368164
49.84445874228709,10.357317924499512
49.843019641878335,10.353240966796875
49.84531664714892,10.35161018371582
Brünnau
49.85917938544276,10.353755950927734
49.85801739241788,10.356416702270508
49.854946276332946,10.353069305419922
49.8569937087435,10.351524353027344
Bimbach
49.863107821575284,10.374269485473633
49.863688760370025,10.377187728881836
49.86233322564867,10.380535125732422
49.86012002599576,10.385856628417969
49.859594376179416,10.381050109863281
49.860811661778165,10.377960205078125
Neudorf
49.84578710464156,10.382080078125
49.845178276426786,10.381307601928711
49.84342093379962,10.38182258605957
49.84353163443308,10.384032726287842
49.84434804377656,10.38780927658081
49.84605000536382,10.386650562286377
Altenschöbach
49.82616237320541,10.398216247558594
49.82558098327032,10.401263236999512
49.824169007194264,10.40379524230957
49.8228123639094,10.40306568145752
49.821787934587135,10.40079116821289
49.82169102798771,10.39656400680542
49.822590867515565,10.393602848052979
49.8249719006057,10.395941734313965
Kirchschönbach
49.8158208948703,10.38480520248413
49.81503169531218,10.389654636383057
49.81453324685462,10.391929149627686
49.81247016947359,10.393109321594238
49.811030117036964,10.391521453857422
49.81040700414407,10.387680530548096
49.81107165761127,10.384783744812012
49.813647103586874,10.383903980255127
Prichsenstadt
49.821898684748824,10.344035625457764
49.822009434657005,10.34787654876709
49.81922676637966,10.351696014404297
49.81705312809234,10.356502532958984
49.81699774749736,10.35085916519165
49.81600088594953,10.348584651947021
49.81425632882647,10.347447395324707
49.81429786663173,10.344099998474121
49.81766231045386,10.342962741851807
49.818811429030326,10.347769260406494
Laub
49.82760197535272,10.316119194030762
49.82558098327032,10.314273834228516
49.82223093371278,10.318436622619629
49.824362810272234,10.322213172912598
49.82660533227551,10.320239067077637
Reupelsdorf
49.81098857642703,10.287494659423828
49.81065625026388,10.293309688568115
49.81363325746958,10.297365188598633
49.817260804758995,10.298652648925781
49.815710130796454,10.292751789093018
49.81463016779013,10.290005207061768