Binsbach
49.950929966769166,10.01554012298584
49.951620301739695,10.016355514526367
49.952283014001836,10.013372898101807
49.95284907350413,10.008480548858643
49.95003251651378,10.00581979751587
49.94823756583286,10.00577688217163
49.94884509509073,10.010132789611816
49.95073667120416,10.011484622955322
Gänheim
49.96483140588973,10.003716945648193
49.96679136538411,10.004124641418457
49.96480380025649,10.014381408691406
49.96788173083494,10.018393993377686
49.96877884844304,10.01255750656128
49.96742626472652,10.00779390335083
Arnstein
49.972960576027276,9.982860088348389
49.97596898696406,9.986786842346191
49.979349774792375,9.982709884643555
49.973719596526536,9.964470863342285
49.976010385802624,9.959878921508789
49.982475067322454,9.973976612091064
49.98580710923081,9.973676204681396
49.98288209930917,9.96485710144043
Heugrumbach
49.98368235554624,9.95011568069458
49.97686595382518,9.952647686004639
49.98020528343639,9.96236801147461
Schwebenried
50.01550244210048,10.00403881072998
50.020465965717975,10.011420249938965
50.0236230514132,10.00453233718872
50.01897696247327,10.00082015991211
Neubessingen
50.04878959584342,9.971466064453125
50.0529781450219,9.974877834320068
Sachserhof
50.024553593849845,9.935052394866943
50.02677303710942,9.933217763900757
Büchold
50.01715700694729,9.950051307678223
50.00764248100209,9.958634376525879
50.008828452216854,9.948441982269287
50.01093830540672,9.956660270690918
50.00677366956425,9.953570365905762
50.015778206864866,9.946789741516113
Obersfeld
50.02440884398809,9.889154434204102
50.02764837938728,9.900827407836914
50.02988146380093,9.897994995117188
50.02854438251924,9.89267349243164
50.025304907553085,9.896879196166992
Hundsbach
50.013627199730855,9.875925779342651
50.014413155808825,9.880603551864624
50.01771540972375,9.880861043930054
50.0185771296683,9.875786304473877
Bühler
50.00958001184933,9.863834381103516
50.01226208756844,9.867814779281616
50.01473029234052,9.863791465759277
50.0126206056286,9.85999345779419
Münster
50.017101855703665,9.857193231582642
50.017508594637306,9.851431846618652
50.01584714780868,9.84775185585022
50.013840925901796,9.854564666748047
Dattensoll
49.9918290341845,9.895709753036499
49.993484414067844,9.895838499069214
Marbach
49.975637794973274,9.931855201721191
49.97510650305997,9.935460090637207
49.97714194026467,9.933582544326782
Reuchelheim
49.972877773066735,9.935052394866943
49.96731584805116,9.935438632965088
49.96840620162076,9.929966926574707
49.970600635819494,9.928722381591797
49.96974495639758,9.934966564178467
Müdesheim
49.96960694216283,9.922435283660889
49.9683647962402,9.924173355102539
49.968834055134295,9.914753437042236
49.967126068798585,9.918299317359924
49.966473912572404,9.914077520370483
49.963537374810365,9.91565465927124
49.964838307295565,9.914817810058594
Halsheim
49.95953773618925,9.899797439575195
49.96267811895628,9.897308349609375
49.95837125613067,9.892094135284424
49.96183610235761,9.900612831115723
Binsfeld
49.95335990197754,9.890120029449463
49.948278988525686,9.890635013580322
49.946704901154234,9.884541034698486
49.950184393886445,9.883489608764648
Retzstadt
49.91823818610377,9.890613555908203
49.9153436119674,9.876848459243774
49.9165042258064,9.879755973815918
49.91275285530687,9.867911338806152
49.909249931001284,9.888639450073242
49.90781966982678,9.873361587524414
Thüngen
49.94354966762918,9.8527193069458
49.94535169720762,9.858427047729492
49.94051851563642,9.864864349365234
49.93615442659569,9.86574411392212
49.93725929663232,9.851324558258057
49.93480092627456,9.857885241508484
Stetten
49.940656613267706,9.826948642730713
49.941885664747346,9.837634563446045
49.94587641345448,9.828364849090576
49.949428454041126,9.831873178482056
49.946915472840075,9.835360050201416
49.94352895425363,9.826648235321045
Himmelstadt
49.91986846639945,9.808173179626465
49.92619564230405,9.807100296020508
49.931223635272005,9.802079200744629
49.92370907833486,9.79032039642334
49.920172410866286,9.799633026123047
49.92917934975873,9.798645973205566
Markt Retzbach
49.91101178863716,9.824159145355225
49.90565001394215,9.815404415130615
49.9055532754199,9.832656383514404
49.90254046434021,9.827334880828857
Zellingen
49.89943762507493,9.808017611503601
49.89238120543495,9.804332256317139
49.887404461465444,9.81328547000885
49.892643852665636,9.820318222045898
Laudenbach
49.94250708333622,9.760215282440186
49.941982330387646,9.777982234954834
49.94833421872738,9.766438007354736
Karlstadt
49.95642475902686,9.778282642364502
49.96190512066571,9.784913063049316
49.97046262403853,9.78405475616455
49.97072484608402,9.765987396240234
49.96060755991755,9.762210845947266
Mühlbach
49.95852310720577,9.746074676513672
49.960510931654184,9.758691787719727
49.95617626437095,9.760022163391113
49.95578971457943,9.749250411987305
Eußenheim
49.981364335396584,9.812759757041931
49.98947001939401,9.800652265548706
49.98520004632628,9.806263446807861
49.991532439269406,9.811402559280396
49.98749028903063,9.820393323898315
Heßlar
49.96915839316656,9.848341941833496
49.97142869819424,9.853127002716064
49.97273286754299,9.845541715621948
49.97361609443613,9.850208759307861
Aschfeld
50.00307759778731,9.816133975982666
50.006332362502086,9.816455841064453
50.00742183196596,9.825360774993896
50.00721497257461,9.833171367645264
50.00440159646485,9.830961227416992
50.00271900853649,9.821605682373047
Gössenheim
50.0117415421624,9.789515733718872
50.01444762727235,9.788603782653809
50.017294884779425,9.788389205932617
50.02130695641619,9.786758422851562
50.02544276200254,9.777746200561523
50.019542237657824,9.778947830200195
50.016233215266084,9.783217906951904
Sachsenheim
50.025635757567066,9.76008653640747
50.026200954402455,9.763991832733154
50.02220307784375,9.765622615814209
50.020865782803746,9.758970737457275
Karsbach
50.03710381590842,9.786930084228516
50.040907518814336,9.791350364685059
50.04431130176547,9.787595272064209
50.04148631675138,9.779033660888672
Heßdorf
50.04993321627424,9.783990383148193
50.051104365579725,9.781801700592041
50.05385989826648,9.783282279968262
50.0536945707673,9.791114330291748
50.051910375262764,9.79056715965271
Höllrich
50.06195336048791,9.794086217880249
50.064474109002845,9.798978567123413
50.06730462772077,9.796886444091797
50.07100953117969,9.789483547210693
50.06952209503323,9.785513877868652
50.06730462772077,9.789869785308838
Weyersfeld
50.07534762310042,9.79757308959961
50.07799160090912,9.797937870025635
50.080125955799176,9.792680740356445
50.08037381020907,9.788217544555664
50.07823946635356,9.789419174194336
50.07702078224667,9.791961908340454
Adelsberg
50.03812367886365,9.731183052062988
50.037462148604504,9.737963676452637
50.03572558830779,9.741268157958984
50.03040525869132,9.736719131469727
50.036194190130736,9.729981422424316
Wernfeld
50.02804813669595,9.7304105758667
50.02981254299532,9.733779430389404
50.027979213259414,9.737105369567871
50.0237884824972,9.738950729370117
50.02129316980215,9.737727642059326
50.02176191246072,9.731676578521729
50.023636837358644,9.7273850440979
50.02185841773444,9.722428321838379
50.025566830668765,9.725260734558105
Kleinwernfeld
50.02597349793911,9.720325469970703
50.027293419677804,9.720974564552307
Gambach
50.003229307818955,9.76285457611084
50.005504900839725,9.752447605133057
50.002332832505736,9.74586009979248
50.00047086882125,9.741761684417725
49.999491584909165,9.74785566329956
50.00150530199353,9.758048057556152
Karlburg
49.97443720489755,9.758498668670654
49.983461596534674,9.75985050201416
49.9825509549032,9.753799438476562
49.97609318337291,9.752898216247559
Gemünden
50.042285597668304,9.716935157775879
50.04840379003272,9.715561866760254
50.05250970702055,9.705948829650879
50.057028565248906,9.69067096710205
50.065954814811846,9.709854125976562
50.05460386496388,9.692344665527344
50.047163678921606,9.705519676208496
Langenprozelten
50.05854394070559,9.672346115112305
50.063888701075186,9.66745376586914
50.06452231874906,9.65324878692627
50.05821331741536,9.643635749816895
50.05967355308975,9.661917686462402
Hofstetten
50.05813066123681,9.656885862350464
50.05664971390623,9.654772281646729
50.0536119068041,9.654128551483154
50.053556797416185,9.658334255218506
50.056050433855745,9.662175178527832
Wolfsmünster
50.090520970995364,9.736096858978271
50.095352852805036,9.733972549438477
50.09171866232986,9.730603694915771
50.095050014126095,9.740452766418457
Schönau
50.076807337209644,9.720797538757324
50.073915407576806,9.71989631652832
50.074108208312104,9.725110530853271
Seifriedsburg
50.07156042174862,9.748284816741943
50.0746590632843,9.751503467559814
50.077096520579786,9.745795726776123
50.073147639815865,9.745248556137085
Reichenbuch
50.059742431033335,9.72888708114624
50.06131970888031,9.729681015014648
Aschenroth
50.08694148515897,9.769892692565918
50.08894465344502,9.773390293121338
50.08961924110122,9.768766164779663
Weickersgrüben
50.09937216670315,9.792401790618896
50.10106513292869,9.793710708618164
50.10176707698825,9.79407548904419
50.10304706614716,9.79158639907837
50.10502891736624,9.789397716522217
50.10369392937859,9.786736965179443
50.10230385079958,9.790921211242676
50.10772630532076,9.78205919265747
Neutzenbrunn
50.10127158813156,9.759249687194824
50.10238643085209,9.76360559463501
50.100610928350385,9.763820171356201
50.10205610978791,9.765300750732422
Michelau adsaale
50.114909424050666,9.76433515548706
50.115762519822475,9.767167568206787
50.11583131720627,9.769055843353271
50.114125112914465,9.76961374282837
50.11423519244543,9.767231941223145
Gröfendorf
50.1176337734385,9.735517501831055
50.12341218322475,9.734230041503906
50.125998483532946,9.735689163208008
50.12624610070005,9.739851951599121
50.126548742164545,9.744057655334473
50.125008002054095,9.747061729431152
50.12206394999416,9.745001792907715
50.12063313033933,9.74036693572998
50.12374235700283,9.740667343139648
Schaippach
50.077633570782616,9.666080474853516
50.07892797475344,9.669084548950195
50.081929755842694,9.66620922088623
50.07958893351505,9.66496467590332
50.08187467898333,9.663848876953125
Hohenroth
50.08597773175554,9.659557342529297
50.08713423351419,9.661788940429688
50.086748736028575,9.663934707641602
50.08523425160345,9.662089347839355
Rieneck
50.093714748035616,9.632821083068848
50.09561439376015,9.634881019592285
50.09880783133285,9.633336067199707
50.096302652609765,9.640460014343262
50.094981186886685,9.645781517028809
50.09365968471757,9.650030136108398
50.09390746915046,9.65397834777832
50.09386617183395,9.659900665283203
50.09074123831468,9.664514064788818
50.08852475225208,9.66520071029663
50.08902037294075,9.658269882202148
50.08833200948898,9.653055667877197
50.08968119255276,9.651038646697998
50.09160853104305,9.647326469421387
50.091594764614406,9.656853675842285
50.09310904805708,9.640288352966309
50.0926134696526,9.635610580444336
50.095339087452054,9.652390480041504
50.09715607985285,9.648914337158203
50.09880783133285,9.6535062789917
50.097073490784034,9.658312797546387
Burgsinn
50.14371363381547,9.652304649353027
50.1454187835392,9.643378257751465
50.14701386857216,9.640202522277832
50.14995638585091,9.635910987854004
50.15097384969955,9.645867347717285
50.15509848136409,9.645695686340332
50.15468603420803,9.649600982666016
50.15742186720267,9.650287628173828
50.15835668882211,9.654450416564941
50.1541910929244,9.6549654006958
50.14844389958227,9.655437469482422
50.14783889168101,9.64998722076416
50.15196379374697,9.651145935058594
50.14893890035415,9.642691612243652
Fellen
50.149475145408694,9.590978622436523
50.150492619496276,9.588747024536133
50.150520118495486,9.586515426635742
50.15069886160496,9.582674503326416
50.15336617939991,9.58582878112793
50.15526345923032,9.585442543029785
50.15511222954134,9.589905738830566
50.15604709632107,9.591879844665527
50.1558958691107,9.594604969024658
50.15357240911524,9.595420360565186
50.152486255954166,9.592094421386719
50.15300871245297,9.589605331420898
Aura
50.169064591200765,9.577932357788086
50.17252799477349,9.574670791625977
50.174342058371884,9.571795463562012
50.17904181186336,9.581623077392578
50.18409834019597,9.567418098449707
50.18146021828183,9.574241638183594
50.17994872861791,9.568276405334473
50.17824481019904,9.573512077331543
50.1758812098401,9.575786590576172
50.17129109374161,9.57432746887207
Mittelsinn
50.188659748877015,9.627370834350586
50.19052815195554,9.622242450714111
50.19272617963508,9.620804786682129
50.19437463399775,9.617199897766113
50.19547357195555,9.614067077636719
50.19463563405298,9.613358974456787
50.192341532094865,9.611642360687256
50.19095402772094,9.613616466522217
50.18853610197677,9.612736701965332
50.18919554841203,9.616384506225586
50.19228658219332,9.61754322052002
Obersinn
50.20442897322315,9.618659019470215
50.20624182543114,9.61355209350586
50.20850779386091,9.611964225769043
50.21030675884515,9.610419273376465
50.21205072885929,9.60829496383667
50.21452238819774,9.605698585510254
50.213863291559704,9.612243175506592
50.21349254569977,9.616491794586182
50.21233909571278,9.619989395141602
50.21063633286602,9.620804786682129
50.20783488113407,9.620203971862793
50.21077365470294,9.615826606750488
Deutelbach
50.17681567047002,9.513945579528809
50.18048462588007,9.514031410217285
50.179261672051545,9.51591968536377
Wohnrod
50.141073282053625,9.547891616821289
50.142145942533986,9.548707008361816
50.142035927181446,9.552440643310547
50.14085324616157,9.550015926361084
50.1428404086072,9.555562734603882
Neuhof
50.12422385634681,9.531970024108887
50.125970970435326,9.534265995025635
50.12558578540771,9.531776905059814
Rengersbrunn
50.11660184115115,9.545059204101562
50.11826668090383,9.546926021575928
50.11922978490628,9.54960823059082
50.117551219673985,9.550037384033203
50.11709717142483,9.547913074493408
Ruppertshütten
50.077633570782616,9.547548294067383
50.07939615481756,9.54261302947998
50.08168190947726,9.539995193481445
50.084683518129665,9.536948204040527
50.08427046387169,9.541969299316406
50.085592224968124,9.543986320495605
50.08433930649519,9.549307823181152
50.082053678544895,9.543771743774414
50.08070428076227,9.547913074493408
50.07958893351505,9.5491361618042
50.08402262960837,9.546325206756592
Frammersbach
50.06003171731654,9.46246862411499
50.05993528874929,9.456696510314941
50.062593891106275,9.452962875366211
50.062952033530436,9.45946455001831
50.06358566357685,9.46373462677002
50.065954814811846,9.465258121490479
50.06855799140806,9.464592933654785
50.072111305989196,9.46148157119751
50.07452135013452,9.46298360824585
50.07588469289289,9.458520412445068
50.07153287737048,9.465322494506836
50.0698664130596,9.467039108276367
50.06857176445345,9.468519687652588
50.06643689521153,9.46894884109497
50.06449477032859,9.472811222076416
50.06532121606056,9.476051330566406
50.06580330282838,9.480643272399902
50.06606500504466,9.482338428497314
50.06220819627452,9.48096513748169
50.05981130887802,9.48143720626831
50.060582733982606,9.485535621643066
50.06235971961396,9.490277767181396
50.05832352543193,9.490084648132324
50.05661527272675,9.489505290985107
50.05321236230779,9.495320320129395
50.057111223326146,9.485149383544922
50.057717378208025,9.47796106338501
50.054493648403216,9.488840103149414
50.061106193953364,9.473304748535156
50.06149189764536,9.46721076965332
50.06452231874906,9.469614028930664
50.064632512272766,9.446525573730469
50.06702915878372,9.447040557861328
50.066147647553144,9.451847076416016
50.064191736659104,9.451031684875488
Habichsthal
50.057538287789974,9.401657581329346
50.05868169973741,9.404082298278809
50.05990773769447,9.408330917358398
50.061106193953364,9.407236576080322
50.06074803774835,9.403610229492188
50.061615873173466,9.400885105133057
50.06269031432966,9.395027160644531
50.06033477726608,9.39504861831665
50.060389878869394,9.399747848510742
50.059356713275584,9.40178632736206

50.06176739838384,9.397344589233398
Wiesthal
50.02999173688417,9.423222541809082
50.03188012413956,9.424660205841064
50.034567846550466,9.426333904266357
50.034967546264554,9.428372383117676
50.03283118157475,9.43274974822998
50.03062580219922,9.43225622177124
50.0289165635219,9.43448781967163
50.028516813441364,9.436311721801758
50.02560818681963,9.435453414916992
50.0246983432754,9.435732364654541
50.02454670100919,9.432127475738525
50.0264077320708,9.430861473083496
50.02756567056317,9.42800760269165
50.0289854856133,9.426956176757812
50.03211444438672,9.429316520690918
50.02927495731711,9.431848526000977
Neuhütten
50.01033155972926,9.415411949157715
50.00809756644004,9.419231414794922
50.00602896154653,9.425711631774902
50.002029406305276,9.431376457214355
49.99918814077574,9.435539245605469
49.99778123840567,9.431977272033691
49.99932607016471,9.428243637084961
49.99932607016471,9.421119689941406
50.00161564021822,9.41802978515625
50.00293967916123,9.423480033874512
50.00520149466111,9.416613578796387
50.00851127673541,9.413738250732422
Krommenthal
50.01681231063598,9.445817470550537
50.018880451411206,9.449400901794434
50.01970768279515,9.450602531433105
50.01721215812762,9.454829692840576
50.01988691438431,9.45624589920044
50.02118287674718,9.457039833068848
50.022161718761176,9.454808235168457
50.02052111310006,9.453198909759521
50.01863227921853,9.452576637268066
Partenstein
50.04187217816588,9.512829780578613
50.04438020176213,9.512100219726562
50.04705344527218,9.512829780578613
50.04807309686942,9.51591968536377
50.046612508142644,9.517593383789062
50.04468336057252,9.516477584838867
50.043718757711744,9.51913833618164
50.04374631806248,9.522271156311035
50.04537235074827,9.525747299194336
50.04300218303843,9.526948928833008
50.04151387838383,9.52587604522705
50.040466525226066,9.528107643127441
50.03790316979001,9.52815055847168
50.034898632758114,9.527506828308105
50.03263821492264,9.52613353729248
50.0322247123427,9.520125389099121
50.03236254693164,9.512357711791992
50.03611149602372,9.512872695922852
50.037489712547284,9.520297050476074
50.04021846455244,9.516949653625488
50.0414587551031,9.521799087524414
50.0427265745466,9.517078399658203
50.035449938040344,9.519953727722168
Lohr
49.97545839835982,9.565229415893555
49.98152991196857,9.564371109008789
49.98406868137875,9.56583023071289
49.98737991838927,9.564628601074219
49.99405688634993,9.55836296081543
49.988593981514626,9.553213119506836
49.99549148574378,9.567203521728516
49.9986364192628,9.561624526977539
49.998195037493986,9.57509994506836
50.00335343385236,9.573168754577637
50.00784933855352,9.57582950592041
50.01223450914533,9.57758903503418
50.00966964661738,9.581794738769531
50.00616687130919,9.585871696472168
50.00441538792581,9.586429595947266
50.00168460148002,9.585850238800049
49.99642946989866,9.586687088012695
49.99124274014456,9.598875045776367
49.98693843329116,9.596900939941406
49.982964885054486,9.589691162109375
49.97479600507006,9.575614929199219
49.97918419071708,9.571752548217773
49.98555876624133,9.573941230773926
49.986966026228515,9.57784652709961
49.98520004632628,9.584884643554688
49.99364305164788,9.591836929321289
49.99129792106478,9.588403701782227
49.993091266505196,9.57634449005127
49.9914082827153,9.57235336303711
50.004815338573074,9.580764770507812
49.99223598702149,9.56583023071289
Sackenbach
50.00476017316439,9.591364860534668
50.007518366043904,9.597158432006836
50.010386718743746,9.596600532531738
50.01190356683358,9.59406852722168
50.01154504342396,9.5875883102417
50.00936626672776,9.587931632995605
50.007628690467,9.588489532470703
50.010000604312864,9.592008590698242
Steinbach
50.00156047113753,9.604668617248535
50.004208515595614,9.600505828857422
50.00743562256038,9.60531234741211
50.004374013531006,9.606771469116211
50.00911804539363,9.604196548461914
50.01239997944656,9.61029052734375
50.01126925436575,9.612822532653809
50.00829063168773,9.6095609664917
50.010386718743746,9.608316421508789
Neuendorf
50.030294986557564,9.638657569885254
50.03185255697651,9.634709358215332
50.032155794899914,9.637477397918701
50.035698023352246,9.640116691589355
50.03524319930128,9.64176893234253
50.03251416452252,9.64524507522583
50.03095661556209,9.64975118637085
50.03509159032692,9.651660919189453
50.03791695163679,9.648656845092773
50.0379720789843,9.644021987915039
50.03580828307945,9.647455215454102
50.03375465410341,9.638185501098633
Nantenbach
50.03018471417061,9.63625431060791
50.02877871904239,9.639816284179688
50.02828247564034,9.63724136352539
Wiesenfeld
49.98787658428091,9.680628776550293
49.99212562727042,9.674277305603027
49.994636248949604,9.674363136291504
49.99778123840567,9.685478210449219
49.99251188529114,9.685006141662598
49.990387427784576,9.688096046447754
49.98873194129436,9.686851501464844
49.99231875666859,9.681529998779297
49.99543630963543,9.681315422058105
49.99074610901332,9.679040908813477
Rohrbach
49.965714777794055,9.692215919494629
49.97002098367981,9.693074226379395
49.96957933926838,9.70165729522705
49.967453868855785,9.69766616821289
Steinfeld
49.95746013962284,9.668827056884766
49.95627290133397,9.675092697143555
49.95199307850928,9.678182601928711
49.9505847955731,9.675908088684082
49.94604211213442,9.676401615142822
49.94728483406545,9.668076038360596
49.94986683156103,9.66869831085205
49.9542296785318,9.666638374328613
49.953981172547905,9.67221736907959
49.94906601292093,9.672646522521973
Hausen
49.95732209016307,9.653592109680176
49.95744633469468,9.663269519805908
49.960856031704196,9.659900665283203
49.96259529830456,9.659900665283203
49.96342349841014,9.653656482696533
49.9630094001384,9.65073823928833
49.96052473570368,9.653592109680176
Rettersbach
49.99027706379141,9.630374908447266
49.99027706379141,9.633808135986328
49.989283776456,9.63174819946289
Erlenbach
49.97843905532588,9.642348289489746
49.97871503274224,9.647154808044434
49.977555916955765,9.645438194274902
Rodenbach
49.96190512066571,9.593725204467773
49.96022104570048,9.58582878112793
49.95853691182521,9.59080696105957
49.95497518878897,9.594411849975586
49.95682510883063,9.596171379089355
49.96022104570048,9.595227241516113
Pflochsbach
49.95922713775091,9.60230827331543
49.96207076420143,9.599947929382324
49.96579759307897,9.599261283874512
49.96325785952887,9.604582786560059
Neustadt
49.930367255948646,9.561710357666016
49.928599198885486,9.568319320678711
49.93166563154963,9.570465087890625
49.93591963844912,9.571065902709961
49.94055994496737,9.570207595825195
49.938267468434475,9.574756622314453
49.9351462105809,9.572181701660156
Erlach a. Main
49.92422021584599,9.577267169952393
49.92601606142577,9.577653408050537
49.92717641837276,9.574370384216309
49.93086451031163,9.57409143447876
49.93416559668656,9.57658052444458
49.93335070517069,9.579176902770996
49.93134794713482,9.577631950378418
49.92934510586846,9.577009677886963
Rechtenbach
49.9849517002026,9.502873420715332
49.98620721468358,9.504246711730957
49.98631758801592,9.510018825531006
49.983765139914404,9.513752460479736
49.98090899688527,9.518086910247803
49.97946016385932,9.5161771774292
49.98122635448463,9.513473510742188
49.98263374121839,9.503817558288574
49.981695487970676,9.508581161499023
49.98417905961821,9.509611129760742
Bergrothenfels
49.898781096757425,9.58282470703125
49.89571257228142,9.580206871032715
49.892892675039334,9.582781791687012
49.89065322749145,9.582953453063965
49.88971318150724,9.587717056274414
49.892007967437685,9.588918685913086
49.89380501276703,9.58707332611084
49.89645898808706,9.584798812866211
Rothenfels
49.894689687425206,9.589884281158447
49.89220149861141,9.590785503387451
49.89181443548791,9.593231678009033
49.889353747321664,9.593961238861084
49.89039056942732,9.592244625091553
Zimmern
49.89428882123017,9.594583511352539
49.89533936004888,9.596664905548096
49.895629636479185,9.601085186004639
49.891994143752726,9.601686000823975
49.887100310473265,9.60057020187378
49.89347325558894,9.598402976989746
49.89181443548791,9.595184326171875
49.88929844951708,9.597716331481934
49.8902108551914,9.600849151611328
Roden
49.89626547398686,9.61925983428955
49.896541922463896,9.62501049041748
49.89681836935711,9.633593559265137
49.893113849405616,9.633164405822754
49.89156560755495,9.627799987792969
49.89374972006238,9.6220064163208
49.89480027061714,9.626641273498535
49.91188232982888,9.584541320800781
Ansbach
49.914245148139564,9.617843627929688
49.918763197640324,9.617564678192139
49.92049016894198,9.620375633239746
49.92123620141091,9.622972011566162
49.920006623212814,9.625976085662842
49.916953265332566,9.630460739135742
49.91680128319185,9.625332355499268
49.91627625029271,9.622349739074707
49.9187355655967,9.622693061828613
Urspringen
49.89543611905302,9.67123031616211
49.899693323160314,9.664664268493652
49.90262338826419,9.66346263885498
49.9048899203269,9.66573715209961
49.90480700029887,9.671401977539062
49.904364757742144,9.676637649536133
49.901103093677065,9.678053855895996
49.89687365854571,9.677324295043945
49.901766500842946,9.671487808227539
Waldzell
49.94329420204178,9.62428092956543
49.944675080978506,9.629344940185547
49.943100875831874,9.63724136352539
49.94069804247988,9.635868072509766
49.94125042857161,9.629430770874023
Stadelhofen
49.9275493843164,9.705991744995117
49.93078163494075,9.704747200012207
49.93406891536277,9.707322120666504
49.93500809715526,9.708781242370605
49.93478711485084,9.711871147155762
49.93147225867697,9.709811210632324
Duttenbrunn
49.89904370915645,9.719080924987793
49.90204291780305,9.713459014892578
49.90512485963226,9.71564769744873
49.905442716871214,9.720561504364014
49.903466440067135,9.72339391708374
49.901766500842946,9.723072052001953
49.902595746972025,9.719080924987793
Billingshausen
49.869110518915456,9.715991020202637
49.873757256185584,9.714789390563965
49.874421039299776,9.71916675567627
49.875001842040305,9.72714900970459
49.87226371081938,9.726333618164062
49.87137862510256,9.72139835357666
Birkenfeld
49.860701000718294,9.687108993530273
49.86155861730256,9.69491958618164
49.8630524937067,9.707107543945312
49.859151719266926,9.704833030700684
49.854863270486575,9.698610305786133
49.85572099069039,9.689898490905762
49.85870905829902,9.688611030578613
49.85859839242338,9.696292877197266
Karbach
49.864961268557,9.637928009033203
49.86684230621677,9.634666442871094
49.870023306163596,9.630374908447266
49.87262327225858,9.629859924316406
49.87328707095942,9.632821083068848
49.873093463947505,9.637885093688965
49.87306580573957,9.64024543762207
49.8691658398458,9.646596908569336
49.866731658970274,9.646382331848145
49.868695609918284,9.638056755065918
49.87090841671803,9.634537696838379
49.869193500287196,9.641790390014648
Windheim
49.87596983108468,9.577224254608154
49.87599748762941,9.578468799591064
49.87921936667627,9.578790664672852
49.88043615776856,9.580357074737549
49.883325913713,9.578297138214111
49.8828834742563,9.582352638244629
49.88224746043336,9.58606481552124
49.88098923449145,9.584970474243164
49.87938529454001,9.582223892211914
49.8782652703938,9.580464363098145
Hafenlohr
49.86554218506351,9.592137336730957
49.867948764741755,9.597458839416504
49.87230519881437,9.594669342041016
49.874918870647896,9.593961238861084
49.87545818215022,9.595849514007568
49.8722498814798,9.598917961120605
49.872540296779434,9.600248336791992
49.875167784397426,9.601750373840332
49.87090841671803,9.604926109313965
49.86825303639284,9.604625701904297
49.8630524937067,9.600377082824707
49.86413137571516,9.596085548400879
49.86656568762532,9.600162506103516
49.86982968606759,9.600419998168945
Marienbrunn
49.858224893221816,9.575486183166504
49.85964970800833,9.57634449005127
49.86085315961025,9.57731008529663
49.86209807799929,9.572203159332275
49.86429735542408,9.573254585266113
49.86417287069586,9.57731008529663
49.863024829748625,9.58207368850708
49.86173843820411,9.581172466278076
49.86298333378183,9.577674865722656
Glasofen
49.85267739855345,9.565572738647461
49.8540885423784,9.573125839233398
49.85215166776998,9.575185775756836
49.85076813838055,9.570636749267578
Marktheidenfeld
49.85641268944292,9.602823257446289
49.85359049632174,9.610762596130371
49.851847294702466,9.618144035339355
49.849135522760186,9.62453842163086
49.849799644242566,9.628400802612305
49.84445874228709,9.631147384643555
49.84398827186671,9.62651252746582
49.84636825169357,9.624066352844238
49.84758587048089,9.618916511535645
49.84373919743762,9.615397453308105
49.84000292700684,9.61230754852295
49.838342269688226,9.608101844787598
49.85193030572916,9.601192474365234
49.847530524837765,9.598445892333984
49.842742886888416,9.598145484924316
49.83778870457396,9.596128463745117
49.83457790193733,9.598660469055176
49.83214197841322,9.602909088134766
49.83275097079693,9.608230590820312
49.8512662135233,9.608573913574219
49.844514091447294,9.605998992919922
Altfeld
49.82690986428329,9.54488754272461
49.826383853247485,9.548342227935791
49.82646690800183,9.551775455474854
49.83012117601894,9.54784870147705
49.831145428880546,9.550766944885254
49.828598597895585,9.55535888671875
49.82339378711844,9.564027786254883
49.826937548916185,9.561324119567871
49.82558098327032,9.559307098388672
Michelrieth
49.827629659589526,9.517035484313965
49.82929068480235,9.522314071655273
49.82660533227551,9.527463912963867
49.82569172474904,9.522743225097656
Oberwittbach
49.81223477921634,9.545445442199707
49.814311712558876,9.551839828491211
49.8112932067387,9.553084373474121
49.81090549510017,9.548449516296387
Röttbach
49.808856110558736,9.524931907653809
49.807000511867706,9.527678489685059
49.80450780465635,9.528450965881348
49.79913419923388,9.527420997619629
49.79974360715077,9.523301124572754
49.804424712205396,9.524116516113281
Unterwittbach
49.79808156749355,9.548921585083008
49.801571784881695,9.551153182983398
49.80356608186087,9.554457664489746
49.80043610683707,9.554715156555176
49.79808156749355,9.552226066589355
Wiebelbach
49.793815404575156,9.52688455581665
49.79556069846839,9.52838659286499
49.79461880164043,9.531261920928955
49.79302584619828,9.532356262207031
49.792028490902034,9.529759883880615
Hasloch
49.789604277818164,9.476394653320312
49.791128083063484,9.48094367980957
49.7918207059635,9.487767219543457
49.79475731702877,9.49244499206543
49.7924579102835,9.493603706359863
49.790019865821264,9.493088722229004
49.78979821933003,9.49120044708252
49.790019865821264,9.483733177185059
49.78974280754871,9.480085372924805
Hasselberg
49.80237505326766,9.478883743286133
49.80420313163889,9.480643272399902
49.80628040963537,9.48193073272705
49.80749903790726,9.4846773147583
49.80583726447567,9.487466812133789
49.80456319954445,9.486651420593262
49.80417543399679,9.483518600463867
Schollbrunn
49.83457790193733,9.459915161132812
49.8384806599766,9.461932182312012
49.837927096446684,9.46746826171875
49.83629404711018,9.470171928405762
49.83324923158886,9.470043182373047
49.83161602427423,9.464378356933594
49.835768138126134,9.465494155883789
Zwieselmühle
49.84079171925283,9.4801926612854
49.83971231609338,9.481287002563477
Bischbrunn
49.87063182141219,9.483475685119629
49.873093463947505,9.484634399414062
49.87577623482813,9.486608505249023
49.87439338185217,9.490556716918945
49.87226371081938,9.490814208984375
49.87032756474623,9.492874145507812
49.86886157394486,9.49441909790039
49.86595712114824,9.495406150817871
49.86451866081553,9.499568939208984
49.861226638495225,9.501972198486328
49.86216723919145,9.496049880981445
49.86443567141256,9.495062828063965
49.86758916850117,9.492144584655762
49.869691385523815,9.488110542297363
49.872484979714145,9.48793888092041
49.874794413292015,9.496103525161743
49.87321101115444,9.496103525161743
49.8739854326602,9.494526386260986
Oberndorf
49.86426969217886,9.504632949829102
49.861475622814595,9.5051908493042
49.862277896892955,9.50918197631836
49.861226638495225,9.511756896972656
49.85776839027692,9.518709182739258
49.85804505924323,9.513816833496094

49.8597880373034,9.508752822875977
49.859760371476085,9.514803886413574
Steinmark
49.86462931313109,9.521498680114746
49.863965395435955,9.526734352111816
49.863107821575284,9.535188674926758
49.86117130847223,9.534072875976562
49.86200125216397,9.52239990234375
49.86136496327551,9.527678489685059
Esselbach
49.85876439114179,9.521927833557129
49.8546972583661,9.519953727722168
49.8564956926279,9.526519775390625
49.85381185075839,9.530167579650879
49.85299560124935,9.531583786010742
49.8510033411709,9.531111717224121
49.849592107259596,9.52939510345459
49.85094799944084,9.525790214538574
49.85269123349684,9.524674415588379
49.85395019676641,9.523601531982422
49.8564680249154,9.523558616638184
49.85295409666871,9.52840805053711
Kredenbach
49.850795809356455,9.530510902404785
49.85195797603972,9.53364372253418
49.853147784406794,9.539308547973633
49.85173661311173,9.54063892364502
49.84894181894226,9.535768032073975
49.84746134269473,9.532248973846436
49.85056060555614,9.53387975692749
Fechermühle
49.81374402629708,9.492981433868408
49.81090549510017,9.49568510055542
49.81244247656156,9.494161605834961
49.80615577546922,9.500963687896729
Barthelsmühle
49.80245814923662,9.498538970947266
49.79824777402653,9.497294425964355
Kreuzwertheim
49.77148117380689,9.51115608215332
49.766630569702954,9.512701034545898
49.762971507167,9.51664924621582
49.76316555529661,9.52840805053711
49.76205669838031,9.523258209228516
49.76408034316069,9.523773193359375
49.76748985494989,9.522614479064941
49.769596425302716,9.529781341552734
49.77275610917825,9.538021087646484
49.77638671963695,9.540467262268066
49.779767654241475,9.541840553283691
49.77768923877106,9.536175727844238
49.77292240262373,9.529180526733398
49.77192463339215,9.52415943145752
49.77006761929964,9.518237113952637
Rettersheim
49.80151638657072,9.575529098510742
49.80389845670399,9.582481384277344
49.80220886090194,9.585485458374023
49.79982670763607,9.586429595947266
49.79808156749355,9.583854675292969
49.799051097560046,9.57733154296875
Lengfurt
49.813508642235576,9.592781066894531
49.81904678729934,9.598703384399414
49.81652700988103,9.602437019348145
49.8142840207006,9.60702896118164
49.81057316836656,9.607501029968262
49.80866224536649,9.605956077575684
49.810351615943134,9.599862098693848
49.81348094991777,9.601020812988281
Triefenstein
49.8079560155999,9.597673416137695
49.807291319348074,9.6000337600708
49.806225016712254,9.598531723022461
49.806225016712254,9.605183601379395
49.80515869058806,9.607672691345215
49.80394000339893,9.607415199279785
49.80321985563945,9.60904598236084
49.80172412991001,9.612071514129639
Trennfeld
49.80049150638411,9.615826606750488
49.7981369697346,9.613251686096191
49.794591098515205,9.613165855407715
49.79162677254991,9.609217643737793
49.789825925196894,9.611234664916992
49.79126660843588,9.615097045898438
49.79414784635653,9.617843627929688
49.79677959658098,9.619388580322266
Homburg a. Main
49.78970124867115,9.61554765701294
49.792596431852424,9.618637561798096
49.795006643729415,9.621405601501465
49.7956438061325,9.626448154449463
49.7970843163153,9.629108905792236
49.79622555578772,9.6315336227417
49.79488198053956,9.629130363464355
49.7931505141662,9.625868797302246
49.790504713984795,9.626576900482178
49.789950601401706,9.626104831695557
49.78887006363157,9.622457027435303
49.78805271776734,9.616641998291016
49.7924579102835,9.622178077697754
Erlenbach
49.81655470045581,9.623680114746094
49.81996052031727,9.621448516845703
49.815336300175545,9.627542495727539
49.81572397631954,9.633293151855469
49.81738541033116,9.638142585754395
49.81925445540951,9.639558792114258
49.8187006718017,9.631383419036865
49.822687772312634,9.63425874710083
49.823601436571096,9.631083011627197
49.82152490193709,9.62925910949707
49.82145568258096,9.632306098937988
49.82223093371278,9.626469612121582
49.82515185764569,9.62700605392456
49.82671607140925,9.627091884613037
49.82815565707831,9.622950553894043
49.82713134090293,9.621083736419678
49.82574709539334,9.621877670288086
49.823961360177734,9.623250961303711
49.82632848333204,9.624109268188477
49.81960056694586,9.626984596252441
Tiefenthal
49.81193015483103,9.652776718139648
49.81456093857031,9.653892517089844
49.815447065105026,9.658312797546387
49.8149486209258,9.661874771118164
49.81292710023414,9.6659517288208
49.810490086326624,9.659128189086914
49.813037870677945,9.658312797546387
Halsbach
50.01157262224275,9.652390480041504
50.014744080837914,9.654107093811035
50.014744080837914,9.658870697021484
50.009200785980795,9.658012390136719
50.01209661679241,9.658827781677246
50.018549554869445,9.654922485351562
Harrbach
50.00954553689402,9.706292152404785
50.014744080837914,9.706356525421143
50.01238619027657,9.704489707946777
50.01215177378104,9.70740795135498
Massenbuch
50.0347883709421,9.696078300476074
50.03608393128972,9.700455665588379
50.03732432865325,9.703459739685059
50.036552529615456,9.706292152404785
50.03517428619045,9.706292152404785
50.0340440970614,9.703845977783203
50.03440245259213,9.700798988342285
Altbessingen
50.028172198632475,9.975543022155762
50.029826327164365,9.976701736450195
50.03059823431614,9.981851577758789
50.02704184470301,9.984683990478516
50.025939034744646,9.981207847595215
50.02668343424391,9.97657299041748
