Ebrach
49.852705068436286,10.50018310546875
49.84661731257709,10.503616333007812
49.844015946724085,10.495376586914062
49.84968895796253,10.485119819641113
Großgressingen
49.83369212576104,10.480785369873047
49.833830529358046,10.486042499542236
49.82804492124021,10.483617782592773
49.831048541025204,10.488317012786865
49.83168522909299,10.466558933258057
49.82786497496263,10.466837882995605
Oberweiler
49.851404566818694,10.593652725219727
49.85024238682796,10.585026741027832
Eberau
49.847115430494384,10.51915168762207
49.841026970589226,10.522284507751465
49.839670800106006,10.517005920410156
Buch
49.82162180886925,10.486621856689453
49.818174571503626,10.487265586853027
49.821303399648926,10.48368215560913
Hof
49.81355018068255,10.464005470275879
Großbirkach
49.800616155133184,10.492243766784668
49.7984278304601,10.492286682128906
49.79769375003138,10.48818826675415
49.80036685731414,10.487544536590576
Dorf
49.79146054329161,10.483853816986084
49.79087873639478,10.480356216430664
49.79263798824584,10.481815338134766
Füttersee
49.78270499606796,10.495162010192871
49.78330075594221,10.500140190124512
49.78029417200752,10.495634078979492
49.780127903857405,10.500311851501465
Neugrub
49.78282969060134,10.50591230392456
49.78148574371997,10.508809089660645
Burggrub
49.78341159418029,10.523443222045898
49.78065441770878,10.524344444274902
49.78176284922062,10.521576404571533
Ilmenau
49.796959658473945,10.5104398727417
49.79320592204892,10.513572692871094
49.79446643425564,10.51041841506958
49.79520056360911,10.513315200805664
Unterweiler
49.840279697681474,10.585434436798096
49.83594805500117,10.583159923553467
Untersteinach
49.830051968962216,10.565500259399414
49.82818334099823,10.571122169494629
49.82984434719784,10.569491386413574
49.82708981411398,10.566444396972656
Burgwindheim
49.832612564110356,10.595347881317139
49.82862628156198,10.590476989746094
49.82313076319892,10.589962005615234
49.82537334231438,10.600175857543945
49.82980282273803,10.602021217346191
Dorf
49.81469939691092,10.54786205291748
49.81294094655348,10.545523166656494
49.81262248020645,10.548849105834961
Schrappach
49.808496074583715,10.581936836242676
49.811944001435606,10.585477352142334
Kappel
49.82400288965234,10.611419677734375
49.8229646420919,10.614681243896484
49.825387185072515,10.616140365600586
49.825705567416065,10.612621307373047
Hohn am Berg
49.77432201651178,10.542798042297363
49.77421115747979,10.546188354492188
49.77824349161348,10.54436445236206
Seeramsmühle
49.766297939066426,10.545952320098877
Wüstenbuch
49.79003371869329,10.588781833648682
49.79266569248831,10.584983825683594
49.790241511298255,10.582773685455322
