Sandberg
50.35348404368572,10.003395080566406
50.35345666157135,10.00481128692627
50.351950620961546,10.008587837219238
50.35047191643108,10.011205673217773
50.34754175475742,10.009102821350098
50.34472096103766,10.012450218200684
50.34346113496205,10.009961128234863
50.34576166172026,10.006399154663086
50.348335928586685,10.004210472106934
50.35101959014516,10.003094673156738
Waldberg
50.33955820076448,9.99356746673584
50.3387227942336,9.992215633392334
50.33707932866959,9.994704723358154
50.335778211440726,9.995734691619873
50.334257913535005,10.00028371810913
50.33470989907524,10.00429630279541
50.33601104556269,10.002579689025879
50.33714780753659,10.000734329223633
50.33827084687152,9.998266696929932
50.33922951798084,9.996142387390137
Langenleiten
50.32717624534145,9.98331069946289
50.3275187100608,9.980306625366211
50.32765569525751,9.974470138549805
50.329984383186016,9.971380233764648
50.33262799057282,9.969191551208496
50.333395020108576,9.971702098846436
50.33243623125407,9.974427223205566
50.33121717177202,9.97683048248291
50.33084733855456,9.979641437530518
50.32980631107997,9.983868598937988
Klosterkreuzberg
50.37186756785056,9.976251125335693
50.371333820547996,9.97509241104126
50.36956830592475,9.974384307861328
50.369499873802944,9.976208209991455
Oberwildflecken
50.37824469933718,9.942047595977783
50.37983200654242,9.946403503417969
50.38104981830188,9.949686527252197
50.37951728605967,9.953441619873047
50.377669971561915,9.950523376464844
50.37694470990782,9.947497844696045
50.37706786832878,9.944472312927246
Bischofsheim
50.39801383084027,9.998888969421387
50.39568847843037,10.001592636108398
50.39774026588891,10.006270408630371
50.39790440504919,10.013093948364258
50.39928588712511,10.018630027770996
50.40274625459105,10.01805067062378
50.405563600401834,10.015411376953125
50.40973460581797,10.013630390167236
50.40668502154886,10.01127004623413
50.40797052046074,10.004918575286865
50.40531743123217,10.003674030303955
50.40266419346504,10.002365112304688
50.400968231716796,10.001442432403564
50.4043874472732,10.012149810791016
50.403320678494595,10.00802993774414
50.4006399740463,10.006699562072754
50.40121442347779,10.012364387512207
Schmalwasser
50.34332419533151,10.042877197265625
50.33529884347878,10.040388107299805
50.340393592603235,10.035109519958496
Oberweißenburg
50.410185872918206,9.947690963745117
50.407697012974474,9.959449768066406
50.40512596543837,9.954986572265625
Frankenheim
50.40955683274997,9.980177879333496
50.409666231639996,9.996528625488281
Haselbach in der Rhön
50.39262431049467,9.986872673034668
50.39784969205892,10.004210472106934
50.39533282624026,9.997258186340332
Unterweißenbrunn
50.3964544894699,10.020174980163574
50.39321253666356,10.035710334777832
50.39865670226156,10.042169094085693
50.40167944887063,10.032706260681152
50.39908071906552,10.027642250061035
50.394963492295695,10.028200149536133
Ginoles
50.43976867385068,10.070858001708984
50.4390170293067,10.077617168426514
50.43464358793574,10.072338581085205
Weisbach
50.42404998528016,10.075750350952148
50.41765166839776,10.0779390335083
Sondernau
50.42322973654648,10.098495483398438
50.42205402192033,10.090985298156738
Leubach
50.53532147531948,10.099353790283203
50.53266188346036,10.105855464935303
50.53543058357843,10.10491132736206
Brüchs
50.53697171077811,10.16035795211792
Weimarschmieden
50.54853537724342,10.195741653442383
Unterfilke
50.51668753943344,10.224151611328125
50.51964818046849,10.222563743591309
50.51874772865311,10.21752119064331
Oberfilke
50.523181605704906,10.219666957855225
50.521230751120676,10.216233730316162
Sands
50.52155135164211,10.188993215560913
50.52299061650946,10.184143781661987
Oberfladungen
50.52574624287747,10.141003131866455
50.529879380722235,10.141239166259766
50.52856991088422,10.134694576263428
50.53121609369592,10.135595798492432
Fladungen
50.52552798131036,10.135788917541504
50.51929345907678,10.141196250915527
50.51514574960303,10.145766735076904
50.52461400003314,10.146925449371338
50.52187194998569,10.152161121368408
50.51762896155819,10.15235424041748
50.52132624937606,10.14589548110962
50.529183729395854,10.150423049926758
50.52581444941016,10.154500007629395
50.521858307547355,10.135746002197266
Rüdenschwinden
50.51753345582161,10.11068344116211
50.5225677091118,10.113451480865479
50.519607251213195,10.114996433258057
Hausen
50.50660359458352,10.11915922164917
50.502823265959286,10.126755237579346
50.509237363082555,10.132441520690918
50.508022845602625,10.126304626464844
Roth
50.48894126918551,10.113687515258789
50.491125531236634,10.120296478271484
50.48891396527088,10.120210647583008
Stetten
50.48974672756942,10.146689414978027
50.48995150293546,10.139951705932617
50.48750779233676,10.136969089508057
50.48600600804151,10.143063068389893
Heufurt
50.506180540353796,10.17082929611206
50.50270043432143,10.168254375457764
50.507531571231155,10.16486406326294
50.50845952964174,10.167803764343262
Willmars
50.50381955521706,10.247454643249512
50.49797799801295,10.240073204040527
50.5034374193564,10.239858627319336
Neustädtles
50.49961589067843,10.220139026641846
50.49608070134349,10.2117919921875
Nordheim
50.485637380964484,10.186471939086914
50.479165459459594,10.19132137298584
50.475260031694226,10.182008743286133
50.481568639244244,10.179262161254883
50.47602475624175,10.18956184387207
50.480175902210995,10.186042785644531
Sondheim
50.463077394153565,10.163898468017578
50.467830635135684,10.155444145202637
50.46354181232017,10.149178504943848
50.461246995795676,10.157804489135742
50.46548139183493,10.159306526184082
Urspringen
50.45340553250607,10.136990547180176
50.45489469085126,10.14411449432373
50.459676075047405,10.13911485671997
50.45691659228634,10.132849216461182
50.4564384477219,10.137977600097656
Oberelsbach
50.44520749139745,10.117056369781494
50.44053397239552,10.12540340423584
50.436447681461814,10.123214721679688
50.436352011561766,10.113301277160645
50.44176389056169,10.112957954406738
50.44459258105386,10.12338638305664
50.44087561953652,10.118515491485596
Unterelsbach
50.428656785022824,10.135810375213623
50.4245557982511,10.141925811767578
50.4223001041409,10.13911485671997
50.4251983096406,10.128965377807617
50.42522565035742,10.136046409606934
Eußenhausen
50.46717504409464,10.315217971801758
50.46590481058673,10.321505069732666
50.46115137602404,10.322105884552002
50.463377900546845,10.315775871276855
Stockheim
50.46411549905302,10.269083976745605
50.461492874320754,10.28019905090332
50.45537285101965,10.2742338180542
50.45988098071263,10.266036987304688
Ostheim
50.460400071091705,10.242905616760254
50.466205299013815,10.227842330932617
50.46389695254682,10.220074653625488
50.46097379593525,10.21852970123291
50.456192542921116,10.220460891723633
50.453706100351525,10.233421325683594
50.46378767891497,10.236854553222656
50.46094647586242,10.23127555847168
Oberwaldbehrungen
50.4330444475591,10.176987648010254
50.431663949604626,10.180184841156006
50.43018772903933,10.176558494567871
Unterwaldbehrungen
50.42793230318929,10.177245140075684
50.42768625023368,10.185978412628174
50.424022643884584,10.184862613677979
50.42394061960317,10.180141925811768
Wegfurt
50.39886187215646,10.083389282226562
50.395031887687715,10.090856552124023
50.391557276957506,10.085577964782715
50.39415641921814,10.081372261047363
50.39828739421287,10.079011917114258
Schönau
50.384443106343504,10.10167121887207
50.37482359804088,10.096263885498047
50.37623312165928,10.106756687164307
50.379394133998005,10.108280181884766
50.38304750920187,10.10793685913086
50.37985937344223,10.100512504577637
Burgwallbach
50.35901490700047,10.102143287658691
50.35490789187057,10.115811824798584
50.35830304983446,10.111198425292969
50.3563043168815,10.106563568115234
Rödles
50.38044775796914,10.16411304473877
50.37724576326126,10.162181854248047
Braidbach
50.38356744234865,10.190699100494385
50.38689214323231,10.18707275390625
Reyersbach
50.39901232951499,10.174670219421387
50.396563918607995,10.169370174407959
50.39397858770981,10.175549983978271
Frickenhausen
50.40515331774198,10.23775577545166
50.40721837107489,10.23103952407837
50.40571403648714,10.22350788116455
50.403457445064504,10.228164196014404
Bastheim
50.40665767012931,10.204839706420898
50.4032112649545,10.210890769958496
50.400585264213525,10.200011730194092
50.398095900017836,10.205204486846924
50.40200769934211,10.204496383666992
Geckenau
50.390654383669556,10.212156772613525
50.39256959141025,10.205461978912354
Wechterswinkel
50.38869805589538,10.219645500183105
50.38355375997043,10.218873023986816
50.38815081689665,10.225095748901367
50.38544189084933,10.222005844116211
50.41942906534348,10.285906791687012
50.43088483893074,10.295004844665527
50.436939695036514,10.305819511413574
50.43132223597517,10.312385559082031
50.42944960149663,10.322449207305908
50.42653798620234,10.322599411010742
50.421561853643375,10.307557582855225
50.41951109743855,10.29594898223877
50.42683872471135,10.290799140930176
50.4297913286413,10.30466079711914
Oberstreu
50.40567300851122,10.292472839355469
50.40033906918458,10.289382934570312
50.40802522176855,10.280628204345703
50.40384038936062,10.277752876281738
Mittelstreu
50.3947309472248,10.272688865661621
50.388246584177345,10.266551971435547
50.389176884838655,10.27470588684082
50.39382811437404,10.268096923828125
Unsleben
50.38217181943913,10.245823860168457
50.38274649266959,10.256037712097168
50.376534179528626,10.261702537536621
50.37634259746922,10.256295204162598
50.3776289193115,10.24874210357666
50.37962675429052,10.254793167114258
Wollbach
50.3687881738857,10.215868949890137
50.369034532757325,10.228271484375
50.35772808048406,10.224666595458984
50.36418924017004,10.2207612991333
50.36459987737195,10.226683616638184
Mühlfeld
50.44824093215552,10.341267585754395
50.44580872934112,10.35062313079834
Sondheim
50.42027672347506,10.383753776550293
50.417022727349725,10.37684440612793
Hendungen
50.39784969205892,10.354013442993164
50.389012715459955,10.353798866271973
50.395551689442236,10.34813404083252
50.394867738581134,10.358176231384277
50.3928979049694,10.34963607788086
50.394867738581134,10.353841781616211
Lebenhan
50.363395331504876,10.177288055419922
50.35830304983446,10.177888870239258
50.36219075506595,10.18758773803711
50.358768496112624,10.18582820892334
Windhausen
50.33918843247299,10.139179229736328
50.33636714260084,10.148277282714844
50.33395658745261,10.135960578918457
Querbachshof
50.33825715142977,10.16308307647705
Leutershausen
50.33161439683632,10.155529975891113
50.33023094346195,10.164005756378174
50.32688857306996,10.15958547592163
50.32731323152533,10.170292854309082
Saal
50.312475333393266,10.36109447479248
50.31731220234616,10.362510681152344
50.31860012414439,10.354249477386475
50.31405113794515,10.346846580505371
50.31390041107301,10.355215072631836
Wülfershausen
50.32882005348649,10.334315299987793
50.33316217316561,10.336761474609375
50.33503861313097,10.34487247467041
50.33455923770627,10.350837707519531
50.33101170922881,10.34961462020874
50.33086103613247,10.343027114868164
50.328450201611496,10.338521003723145
Junkershausen
50.35893277017999,10.341825485229492
50.3556745616675,10.340795516967773
Wargolshausen
50.36116410328792,10.35135269165039
50.363847039787665,10.356438159942627
50.3601921858096,10.36336898803711
Bahra
50.380119358202954,10.329701900482178
50.38291068374221,10.323972702026367
50.38282858827695,10.330817699432373
Hollstadt
50.3493080888141,10.293095111846924
50.35501741688529,10.280263423919678
50.358768496112624,10.2866792678833
50.35635907780968,10.294039249420166
50.35026653715969,10.29818058013916
50.35184108887187,10.286078453063965
50.35488051057742,10.289382934570312
Heustreu
50.36052072352183,10.256896018981934
50.360301698633,10.264577865600586
50.356769782757375,10.26522159576416
50.35482574794371,10.266637802124023
50.350526684086745,10.257539749145508
50.355592419067186,10.255265235900879
50.3530185455939,10.266680717468262
50.354634078228315,10.260415077209473
Eichenhausen
50.325929652921474,10.30019760131836
50.322491080166444,10.301227569580078
50.324970713423944,10.309703350067139
Rödelmaier
50.32234038005264,10.27522087097168
50.321806075798946,10.281658172607422
50.318120582871295,10.280735492706299
50.316339387218285,10.275564193725586
50.31780545311502,10.271122455596924
50.32031273205856,10.27719497680664
Unterebersbach
50.30044268663139,10.128428936004639
50.29855117371405,10.123708248138428
50.29460342621637,10.125875473022461
50.29737236675311,10.132334232330322
Oberebersbach
50.29779728890832,10.138921737670898
50.29626206836794,10.145080089569092
50.29472679828435,10.142848491668701
50.295617809276536,10.138986110687256
Hohenroth
50.32097035710158,10.173168182373047
50.31280420126435,10.184240341186523
50.31004986259441,10.183382034301758
50.31152982559303,10.174155235290527
50.31527063779192,10.16859769821167
50.317462918401844,10.179605484008789
50.31839460704828,10.170764923095703
50.31587352503761,10.176258087158203
Burglauer
50.28286790949395,10.180120468139648
50.28171613742853,10.17458438873291
50.2788640104575,10.173511505126953
50.271321505176545,10.178961753845215
50.27795897291437,10.183167457580566
50.274530644375695,10.184197425842285
50.27587457858299,10.176258087158203
50.27834293033711,10.179648399353027
Strahlungen
50.2862956376383,10.226554870605469
50.28541816274282,10.234107971191406
50.28210006454705,10.237069129943848
50.27982387995878,10.234365463256836
50.28067403392519,10.228056907653809
50.283580897281865,10.225911140441895
50.28333409502549,10.231146812438965
Rheinfeldshof
50.292985851730656,10.28172254562378
Löhrieth
50.30249859362478,10.24449348449707
50.30016855898491,10.253806114196777
50.29739978120023,10.249428749084473
Niederlauer
50.29112146037639,10.17158031463623
50.2896408622599,10.178232192993164
50.293945436450755,10.1808500289917
50.29789323854711,10.180892944335938
50.29591937844801,10.175700187683105
Dürrnhof
50.31875083611683,10.251209735870361
50.315202127393896,10.259127616882324
50.31776434907976,10.258140563964844
50.315202127393896,10.255200862884521
Salz
50.308282068643216,10.200247764587402
50.30214224277906,10.210204124450684
50.31168055998039,10.211491584777832
50.30795316949453,10.218443870544434
50.30724054686867,10.209946632385254
Mühlbach
50.311872403055,10.219688415527344
50.3115709350188,10.225567817687988
50.31480476513837,10.230889320373535
50.32018942635008,10.226469039916992
50.316750438292495,10.223379135131836
Herschfeld
50.334367486182046,10.237326622009277
50.33431269989011,10.25075912475586
50.33066926968246,10.234365463256836
50.32655980262736,10.234193801879883
50.32447753700515,10.240845680236816
50.32812144197265,10.24801254272461
50.33031312993631,10.241103172302246
50.32450493582936,10.233206748962402
Brendlorenzen
50.33883235658291,10.20904541015625
50.33732585212887,10.200119018554688
50.33428530672045,10.215611457824707
50.33066926968246,10.218873023986816
50.32661459785906,10.214366912841797
50.327847473869504,10.209431648254395
50.32949125879603,10.197029113769531
50.3356275534596,10.192222595214844
50.33338132326115,10.202651023864746
50.333353929554505,10.208959579467773
Bad Neustadt
50.327326930122005,10.203680992126465
50.3278200769723,10.197200775146484
50.328313218705034,10.185184478759766
50.3229157779165,10.19054889678955
50.320257929560945,10.194969177246094
50.31743551551818,10.195870399475098
50.319490687960204,10.20556926727295
50.32034013328366,10.217628479003906
50.32458713220716,10.223894119262695
50.323874758876705,10.215868949890137
50.32505290899617,10.196385383605957
50.32338157108529,10.204710960388184
Rappershausen
50.38568816324812,10.410146713256836
50.38743939675666,10.405919551849365
50.38958730579872,10.410361289978027
Rothausen
50.380584590534006,10.445101261138916
50.378313118846606,10.445187091827393
50.37898362481655,10.438964366912842
Irmelshausen
50.364161864230255,10.474863052368164
50.36652982462866,10.46499252319336
50.36279304710691,10.466752052307129
Höchheim
50.36392916810446,10.442676544189453
50.361684276297474,10.446324348449707
50.36360065398457,10.456194877624512
50.36506526190562,10.4490065574646
Gollmuthhausen
50.357741770311435,10.419566631317139
50.35894645965992,10.427055358886719
50.3566739519207,10.430703163146973
Waltershausen
50.33320326388552,10.383260250091553
50.34020186462779,10.37858247756958
50.34080443565894,10.393216609954834
50.33631235861486,10.389440059661865
50.33955820076448,10.386371612548828
Aubstadt
50.335408413725084,10.428557395935059
50.33061447912602,10.431325435638428
50.32984740470213,10.440144538879395
50.334093554090614,10.439715385437012
Ottelmannshausen
50.33065557204927,10.47771692276001
50.3342168237272,10.479412078857422
Herbstadt
50.32739542304614,10.500483512878418
50.33183355407097,10.497372150421143
50.33190204049949,10.504217147827148
Breitensee
50.352361364047376,10.540223121643066
50.3566739519207,10.544192790985107
50.35423704564194,10.54612398147583
Trappstadt
50.31920296916722,10.562818050384521
50.32372406315008,10.572152137756348
50.31599684194147,10.571529865264893
50.320052419632205,10.574533939361572
Eyershausen
50.31210535431929,10.518443584442139
50.31266717326118,10.528979301452637
50.30977579031746,10.531597137451172
Alsleben
50.296988562834464,10.55511474609375
50.29764651051348,10.566229820251465
50.29175207151025,10.563011169433594
Großeibstadt
50.3026219452186,10.402615070343018
50.30121023563714,10.41776418685913
50.29890755146343,10.41003942489624
50.302690473743596,10.41053295135498
50.29962029895257,10.403087139129639
Kleineibstadt
50.298606001233914,10.373690128326416
50.29280764100897,10.379161834716797
50.29460342621637,10.365879535675049
50.29198512133598,10.371265411376953
Großbardorf
50.26353090003282,10.371136665344238
50.265821579942106,10.363326072692871
50.27152722571591,10.364527702331543
50.2717329453665,10.372252464294434
Kleinbardorf
50.27738303097372,10.399847030639648
50.27379009298899,10.400683879852295
50.272926101812935,10.404760837554932
50.27699906580892,10.405576229095459
50.267056032411034,10.403494834899902
Obermühle
50.2650534600347,10.40079116821289
Sulzfeld
50.26565698386197,10.412335395812988
50.26173394227771,10.400362014770508
50.25702860961361,10.400619506835938
50.25063519724059,10.407872200012207
50.25889433648134,10.41229248046875
Leinach
50.230173257539974,10.415618419647217
50.22933592878005,10.403838157653809
50.226892491957386,10.406842231750488
Merkershausen
50.285706085976265,10.4404878616333
50.286528714187945,10.451946258544922
50.28992875994616,10.44527292251587
50.283608319675785,10.44323444366455
Bad Königshofen i. Grabfeld
50.29898979210335,10.455207824707031
50.30408843410173,10.455851554870605
50.30606195524471,10.46696662902832
50.30795316949453,10.47821044921875
50.30355392469895,10.481364727020264
50.30053863093443,10.4774808883667
50.295000957290014,10.45872688293457
50.29441151347474,10.466859340667725
50.298523759930454,10.473747253417969
50.30277270784325,10.466451644897461
Ipthausen
50.300716812698084,10.481643676757812
50.2975231460168,10.48769474029541
50.29753685319891,10.482609272003174
50.30115541111889,10.485892295837402
Althausen
50.264244177444915,10.465936660766602
50.26816701227527,10.47271728515625
Gabolshausen
50.26866077278451,10.506105422973633
50.27359809630476,10.50168514251709
50.27442093378594,10.50692081451416
Untereßfeld
50.274818633470915,10.520374774932861
50.27407808656365,10.52816390991211
50.27073176803776,10.52415132522583
Obereßfeld
50.27029288914771,10.53440809249878
50.26885278937774,10.54088830947876
50.264340194742346,10.541596412658691
50.264436211846174,10.537004470825195
Sternberg i. Grabfeld
50.267481225297104,10.57157278060913
50.26819444354897,10.578396320343018
50.26342116409824,10.577731132507324
Zimmerau
50.25824957148812,10.587000846862793
50.26765953086148,10.588738918304443
50.26602732424232,10.581808090209961
50.262872480633014,10.588030815124512
50.262076878381336,10.583696365356445
Aub
50.2499491578248,10.501277446746826
50.248878916614075,10.493059158325195
50.24591504627738,10.495483875274658
Sulzdorf
50.24450165431243,10.558569431304932
50.24074155318042,10.557646751403809
50.24175708418293,10.567710399627686
50.23753013709158,10.566508769989014
Schwannhausen
50.24336267689235,10.588288307189941
50.239931857555106,10.588502883911133
Serrfeld
50.216211281775244,10.567324161529541
50.21390448536633,10.575006008148193
50.212036997060906,10.569384098052979