wasserlosen
50.0956969853441,10.025882720947266
50.0960273502563,10.03377914428711
50.09173242872291,10.034294128417969
50.09129190218363,10.026569366455078
greßthal
50.0814340618304,10.038928985595703
50.07912075533354,10.034379959106445
50.07427346546824,10.04450798034668
50.07454889279611,10.037555694580078
schwemmelsbach
50.06457741554257,10.032663345336914
50.05807555703864,10.037384033203125
50.05719388126098,10.033178329467773
50.06077558832056,10.028972625732422
rütschenhausen
50.06094089142176,10.053863525390625
50.06215309675968,10.060043334960938
50.06055518329961,10.06124496459961
50.058626596172154,10.056695938110352
brebersdorf
50.05284036961383,10.06948471069336
50.049092726804695,10.078067779541016
50.048817153282656,10.070772171020508
50.05295058997193,10.074377059936523
sömmersdorf
50.056477507761564,10.09068489074707
50.06088579045132,10.091371536254883
50.06220819627452,10.096864700317383
50.06204289754016,10.100812911987305
50.05901231979991,10.098323822021484
50.05978375775201,10.101327896118164
obbach
50.070637676468145,10.097894668579102
50.07184963676399,10.091543197631836
50.075540418077054,10.089311599731445
50.0790656752469,10.09068489074707
50.07631159023147,10.096607208251953
50.07493448839731,10.100126266479492
kützberg
50.088263172600016,10.111799240112305
50.086335699567556,10.116434097290039
50.08231529208637,10.121583938598633
50.078955514883766,10.116949081420898
50.0855096159674,10.108366012573242
50.08181960206071,10.111198425292969
euerbach
50.06532121606056,10.131068229675293
50.06562424259451,10.139951705932617
50.06113374431991,10.143041610717773
50.05802045277722,10.141839981079102
50.06311732913207,10.128021240234375
50.06044498040943,10.131282806396484
50.06548650349822,10.136089324951172
50.05906742292216,10.136861801147461
50.06926041167987,10.149736404418945
50.07427346546824,10.154886245727539
50.07592600570468,10.159778594970703
50.07355734701168,10.166559219360352
50.07096821413191,10.165443420410156
50.06711179963095,10.16183853149414
50.06755254841142,10.155572891235352
niederwerrn
50.064136639422614,10.170936584472656
50.06612010006614,10.180635452270508
50.06804838594813,10.188102722167969
50.06716689345,10.194454193115234
50.062538792034445,10.197887420654297
50.05752451157629,10.202779769897461
50.05498962093254,10.195484161376953
50.05807555703864,10.186128616333008
50.06033477726608,10.175485610961914
dittelbrunn
50.069921503714426,10.209131240844727
50.07311665341498,10.212564468383789
50.0814340618304,10.219173431396484
50.07526499644457,10.224838256835938
50.06628538475087,10.224666595458984
50.06738726809339,10.215911865234375
deutschhof
50.0654038598506,10.246725082397461
50.0721801660743,10.251102447509766
50.076036173028726,10.256595611572266
50.07162928262477,10.258398056030273
50.06904004564326,10.259943008422852
50.06336527146654,10.259084701538086
50.057717378208025,10.252132415771484
50.060004166317114,10.244836807250977
sennfeld
50.03884032635863,10.242433547973633
50.04054921183242,10.253591537475586
50.04440776173311,10.260028839111328
50.03834418692451,10.265393257141113
50.034981328953975,10.260071754455566
50.03393383328311,10.255050659179688
50.03379600320423,10.247797966003418
schweinfurt
50.06066538593667,10.20681381225586
50.06077558832056,10.218143463134766
50.06628538475087,10.213851928710938
50.07190472514058,10.234622955322266
50.06187759823624,10.23651123046875
50.054658973149266,10.251874923706055
50.04986432424855,10.251789093017578
50.0474392619376,10.244836807250977
50.04231315884189,10.233850479125977
50.06027967559945,10.212221145629883
50.051242145972004,10.194454193115234
50.04622668483142,10.195140838623047
50.043636076564596,10.191364288330078
50.03718650830641,10.195226669311523
50.033658172729716,10.20406723022461
50.03123229162374,10.198230743408203
50.02604931687993,10.19582748413086
50.02318189907057,10.198659896850586
50.026325021110296,10.205011367797852
50.0236230514132,10.209217071533203
50.031011750901015,10.218315124511719
50.03817880597379,10.224494934082031
50.05460386496388,10.227241516113281
50.04799042322258,10.216083526611328
50.05088391612933,10.151238441467285
50.0474392619376,10.149478912353516
50.044049480876254,10.148963928222656
50.04101776657845,10.15012264251709
50.039226209040564,10.154757499694824
50.03845444057518,10.158705711364746
50.03950183762877,10.165143013000488
50.042037546394084,10.164070129394531
50.04468336057252,10.163383483886719
50.045427469535085,10.156946182250977
50.04705344527218,10.153770446777344
kaisten
50.04338803226864,10.051932334899902
50.04556526622524,10.056309700012207
50.04393924007457,10.05922794342041
50.04162412475545,10.056352615356445
egenhausen
50.033465209400774,10.083475112915039
50.032555514691495,10.093002319335938
50.03010200971424,10.095963478088379
50.02949550601559,10.088281631469727
50.02955064303197,10.083646774291992
vasbühl
50.02006614530481,10.047898292541504
50.02411934295603,10.04948616027832
50.02387119782554,10.05472183227539
50.02221686419668,10.057940483093262
50.01995584943287,10.055623054504395
schleerieth
50.01772230354462,10.091500282287598
50.02003857136056,10.09244441986084
50.02009371923324,10.095748901367188
50.019790405150154,10.099740028381348
50.016977765174026,10.101070404052734
50.01626079139433,10.097379684448242
eckartshäusen
50.01122788587049,10.075063705444336
50.0108141989595,10.079054832458496
50.01154504342396,10.081758499145508
50.01206903827434,10.086522102355957
50.00899393424583,10.085985660552979
50.0086215988794,10.082638263702393
50.00925594629308,10.079247951507568
50.008718130547685,10.076930522918701
rundelshausen
50.007325297694116,10.090899467468262
50.009324896594435,10.093002319335938
50.00886982277751,10.095298290252686
50.007587318838006,10.097508430480957
50.005684185408704,10.097100734710693
50.005380780361754,10.093774795532227
50.00584278273925,10.090309381484985
schnackenwerth
50.01449588727975,10.12364387512207
50.015240464108395,10.129694938659668
50.01471650383919,10.13338565826416
50.01264818383011,10.133814811706543
50.012455136087034,10.124845504760742
50.012344822742804,10.128965377807617
bergrheinfeld
50.016674431419055,10.179862976074219
50.01797048043765,10.189690589904785
50.015585171695975,10.192995071411133
50.014523464405066,10.191986560821533
50.01237240110261,10.188210010528564
50.00964206670656,10.186171531677246
50.005256659563294,10.184926986694336
50.00208457484779,10.179948806762695
49.99993295477532,10.17432689666748
50.0004294910314,10.171065330505371
50.00464984215712,10.171880722045898
50.01011092303823,10.175313949584961
50.01355825560196,10.176515579223633
grafenrheinfeld
50.00773901463687,10.191450119018555
50.00464984215712,10.188961029052734
49.99929848431857,10.191535949707031
49.9926222441558,10.20054817199707
49.99756054410239,10.203080177307129
49.99960192775558,10.202779769897461
50.00200182201025,10.203423500061035
50.004208515595614,10.205483436584473
50.00641510788489,10.205526351928711
50.00765627153323,10.20132064819336
50.00613928938831,10.19655704498291
50.00205699058445,10.197887420654297
garstadt
49.97830106602409,10.170207023620605
49.9759551873433,10.175185203552246
49.97838385965267,10.174713134765625
49.97134589259794,10.172395706176758
49.97181512242662,10.167202949523926
49.975265201258885,10.171194076538086
hergolshausen
49.96636349371235,10.16012191772461
49.96538351522969,10.16059398651123
49.962581494848735,10.159220695495605
49.96139438284272,10.159027576446533
49.96115971770196,10.155315399169922
49.961380579042554,10.1523756980896
49.96259529830456,10.15261173248291
49.96538351522969,10.152397155761719
49.9654663310845,10.156195163726807
waigolshausen
49.96764709731735,10.10991096496582
49.969165293952,10.119438171386719
49.967812721095555,10.127849578857422
49.96455534884506,10.127935409545898
49.96038669503061,10.125317573547363
49.960690383988926,10.119867324829102
49.960966463197764,10.109610557556152
ettleben
49.98564154738029,10.112056732177734
49.98390311354474,10.112357139587402
49.98244057292799,10.117206573486328
49.981253950698694,10.120553970336914
49.98263374121839,10.127077102661133
49.98426184313156,10.12990951538086
49.98644175771203,10.129265785217285
49.987241954731395,10.126562118530273
49.986303791363234,10.122356414794922
49.98520004632628,10.117936134338379
werneck
49.98655213050617,10.097637176513672
49.98324083651001,10.089740753173828
49.98132294116456,10.09042739868164
49.97726613364599,10.094547271728516
49.97761111357882,10.097894668579102
49.97476840515177,10.100405216217041
49.973954200440595,10.105469226837158
49.97587238953557,10.108559131622314
49.97761111357882,10.113365650177002
49.9789082159918,10.118021965026855
49.98084000582579,10.117592811584473
49.982412977394624,10.112786293029785
49.98268893201604,10.106949806213379
49.985696734727114,10.109760761260986
49.985945077004274,10.10267972946167
49.981419527650566,10.101585388183594
zeuzleben
49.97998450846846,10.077338218688965
49.97854944648238,10.07145881652832
49.97697634859095,10.070643424987793
49.97410600236376,10.07347583770752
49.97311238108486,10.077252388000488
49.97463040532288,10.081157684326172
49.9770039472428,10.079054832458496
49.99962951342761,10.072360038757324
49.99761571777318,10.069055557250977
49.998195037493986,10.06523609161377
50.00302243038438,10.063304901123047
50.00464984215712,10.06596565246582
50.00200182201025,10.06871223449707
schraudenbach
49.999905369277386,10.044336318969727
49.99775365167318,10.042963027954102
49.99469142597598,10.045022964477539
49.991573824716205,10.048627853393555
49.992401526173225,10.052275657653809
49.9955190737742,10.050773620605469
49.9986640054888,10.048069953918457
mühlhausen
49.96226401427277,10.043306350708008
49.96287136658956,10.050086975097656
49.96372716821216,10.054550170898438
49.960911247482635,10.05497932434082
49.95853691182521,10.051159858703613
49.95671466783794,10.046052932739258
49.95765340820157,10.043950080871582
49.96035908684852,10.043864250183105
kronungen
50.086803807287794,10.139479637145996
50.08735451639957,10.141668319702148
50.086776271666096,10.146088600158691
50.08371971932418,10.148019790649414
50.08022234377751,10.147204399108887
50.08203990937158,10.14460802078247
50.08392624927105,10.141603946685791
50.08575744254241,10.139715671539307
50.0866936647061,10.13789176940918
poppenhausen
50.095146372095186,10.143427848815918
50.095779576785695,10.138235092163086
50.10015671946561,10.135273933410645
50.10307459242007,10.139007568359375
50.1082767739939,10.141024589538574
50.105661991447114,10.144715309143066
50.10244148414133,10.146903991699219
hain
50.10615743489114,10.149779319763184
50.11031345307223,10.147204399108887
50.112542691690734,10.148534774780273
50.11334078893113,10.151925086975098
50.11075380472788,10.152182579040527
maibach
50.096467833262544,10.168190002441406
50.09927581723248,10.176687240600586
50.09459575251884,10.177888870239258
50.09415525230203,10.17282485961914
hambach
50.101863421448584,10.202522277832031
50.10505644250025,10.211877822875977
50.10087244060323,10.21479606628418
50.095339087452054,10.215911865234375
50.093522026145656,10.209474563598633
50.091870092435954,10.203101634979248
50.09532532209513,10.200376510620117
50.098037021062105,10.199432373046875
zell
50.090383303406675,10.24449348449707
50.093522026145656,10.244579315185547
50.098092079349875,10.246853828430176
50.09773419934842,10.250372886657715
50.09564192430395,10.25273323059082
50.09198022312164,10.25200366973877
üchtelshausen
50.089364550959004,10.262818336486816
50.093494494383805,10.262861251831055
50.096302652609765,10.267753601074219
50.09476093905613,10.271873474121094
50.09101657104008,10.277409553527832
50.08983262909719,10.272259712219238
50.08845591563995,10.270328521728516
gochsheim
50.02558061605634,10.270371437072754
50.02861330514474,10.283374786376953
50.025966605302195,10.292644500732422
50.02042460513988,10.291142463684082
50.015240464108395,10.288867950439453
50.012013881190725,10.283546447753906
50.01802563068424,10.277881622314453
schwebheim
50.005422153890024,10.247669219970703
50.00338101737181,10.24200439453125
49.99505007510426,10.241231918334961
49.991739366147264,10.241532325744629
49.986331384664645,10.242562294006348
49.97981892657768,10.251188278198242
49.988262876428706,10.256681442260742
49.9953259572288,10.251274108886719
50.00056741685909,10.251703262329102
röthlein
49.99190490700852,10.22153377532959
49.99060815501116,10.225052833557129
49.98806973074263,10.227155685424805
49.98329602661114,10.219988822937012
49.985669141061614,10.224752426147461
49.97932217748608,10.219860076904297
49.97772150663492,10.218830108642578
49.979349774792375,10.2117919921875
49.98299248027128,10.211148262023926
49.98600026400283,10.214366912841797
49.988593981514626,10.216727256774902
heidenfeld
49.973526392444384,10.208101272583008
49.97341598976347,10.211105346679688
49.968944468326825,10.215568542480469
49.96651531957962,10.212650299072266
49.96386519930713,10.20578384399414
49.964030836098594,10.200033187866211
49.96872364168847,10.20578384399414
Burghausen
50.04189973957681,9.996528625488281
50.04148631675138,9.999532699584961
50.04490383850476,9.998502731323242
50.04771484337126,10.002365112304688
50.04539991014958,10.002837181091309
wuelfershausen
50.057028565248906,9.996099472045898
50.05763472117507,10.000691413879395
50.05518249775393,10.006570816040039
50.053887452794314,10.006656646728516
50.053556797416185,10.001506805419922
50.05132481401746,10.000090599060059
50.0532261397596,9.997129440307617
50.05446609422349,9.994468688964844
Peersdorf
50.13020780115136,10.152525901794434
50.131913432294546,10.157632827758789
50.13026282245971,10.162353515625
50.12861215569061,10.163469314575195
50.12685138171537,10.159950256347656
50.12759421613593,10.155315399169922
Holzhausen
50.119697571288164,10.183725357055664
50.12085325922368,10.187115669250488
50.12019286953394,10.19132137298584
50.11845930325431,10.189948081970215
50.11529469499107,10.190634727478027
50.1173310756061,10.185141563415527
Madenhausen
50.13752507987268,10.298223495483398
50.13711248114436,10.302000045776367
50.13543454299129,10.303373336791992
50.13356398519569,10.30144214630127
50.13389408894395,10.298223495483398
Weipoltshausen
50.11185466615193,10.264105796813965
50.11521213719339,10.263912677764893
50.11764753238541,10.270071029663086
50.1184180271016,10.272002220153809
50.11694582105156,10.27271032333374
50.11493694350634,10.271251201629639
50.11251517085897,10.267860889434814
50.111166630727574,10.284984111785889
50.11276285777531,10.287129878997803
Hoppachshof
50.1202203859529,10.298652648925781
50.11925730187881,10.297622680664062
50.11779888054041,10.299789905548096
50.11605146817011,10.3031587600708
50.11766129132835,10.304961204528809
50.11862440750932,10.303523540496826
50.120302935114864,10.301978588104248
Ballingshausen
50.160569943607335,10.328564643859863
50.16337416895991,10.328264236450195
50.16485869225313,10.333414077758789
50.16318172737941,10.336160659790039
50.16098234000587,10.334916114807129
Stadtlauringen
50.18070447942802,10.35085916519165
50.17964642494608,10.353841781616211
50.18159762406158,10.356330871582031
50.18320524232001,10.360450744628906
50.184318177112,10.363776683807373
50.185472304320854,10.368454456329346
50.1867637945604,10.373411178588867
50.18861853327916,10.37158727645874
50.188797133946245,10.367703437805176
50.19089907622268,10.36609411239624
50.189896200271946,10.361137390136719
50.189882462099,10.357232093811035
50.187739258718096,10.356802940368652
50.185609698559524,10.357511043548584
50.18382354262813,10.355021953582764
50.18739578769573,10.362510681152344
sulzdorf
50.182793037668134,10.372896194458008
50.18143273707843,10.370428562164307
50.181418996470825,10.375406742095947
50.180979294940045,10.379204750061035
50.18321898241381,10.379247665405273
50.18360370343555,10.376243591308594
Oberlauringen
50.212311632277995,10.37482738494873
50.215414900382626,10.374655723571777
50.21832574717402,10.376114845275879
50.219863481328936,10.380964279174805
50.21851796665415,10.386500358581543
50.21667811985959,10.385470390319824
50.21555220846768,10.380792617797852
50.213437620142166,10.38032054901123
Mailes
50.2026160521572,10.397443771362305
50.20375600298491,10.398859977722168
50.2026709901709,10.401520729064941
50.20236883031309,10.404868125915527
50.20070691690478,10.404202938079834
50.20137993013231,10.400147438049316
Birnfeld
50.20137993013231,10.423429012298584
50.20242376861134,10.427141189575195
50.20181944385305,10.431346893310547
50.203632395175006,10.433042049407959
50.20025365775142,10.434844493865967
50.19885264770413,10.433084964752197
50.199415803743584,10.42928695678711
50.19926471375094,10.42529582977295
Wetzhausen
50.19638017672937,10.411176681518555
50.19585819426516,10.413880348205566
50.194072421625016,10.413622856140137
50.19242395682863,10.410575866699219
50.19217668220052,10.407099723815918
50.19412736947144,10.406627655029297
Wettringen
50.170727605989796,10.41377305984497
50.169119567821205,10.412206649780273
50.16722283786778,10.414502620697021
50.16616448481188,10.417485237121582
50.166480618698884,10.4195237159729
50.16909207951888,10.418965816497803
Fuchsstadt
50.16007506323291,10.406327247619629
50.15805424853373,10.403237342834473
50.15604709632107,10.405168533325195
50.155400940350674,10.408666133880615
50.1580267538672,10.40978193283081
50.159332733065426,10.408837795257568
Altenmuenster
50.16169715200225,10.366029739379883
50.160487463900694,10.36982774734497
50.15981387430319,10.369033813476562
50.15920901025017,10.366287231445312
50.15870036864558,10.36311149597168
50.15916776924058,10.36135196685791
50.16058369021128,10.362210273742676
Ellertshausen
50.15094635096124,10.38658618927002
50.148883900521405,10.38381814956665
50.1476463875619,10.380427837371826
50.14616132974146,10.381286144256592
50.14632633844309,10.384762287139893
50.14731637869789,10.386157035827637
50.148457649672885,10.386049747467041
reichmannshausen
50.12438894072114,10.384912490844727
50.12196764616745,10.381951332092285
50.120798227097495,10.381994247436523
50.119793879681716,10.383388996124268
50.118830787027385,10.385899543762207
50.11946367866859,10.389633178710938
50.120688162655306,10.389740467071533
50.12211898066528,10.389397144317627
50.12427888453486,10.389611721038818
50.1221602536271,10.395748615264893
50.12331588211047,10.397679805755615
50.121431092729146,10.398752689361572
Löffelsterz
50.08743712222058,10.360879898071289
50.090383303406675,10.359420776367188
50.09233814610216,10.361437797546387
50.09393500067502,10.364828109741211
50.09250334042226,10.367059707641602
50.09024563542253,10.368733406066895
Hesselbach
50.11045106339959,10.31393051147461
50.11290046106412,10.321869850158691
50.11020336452564,10.324444770812988
50.10769878172103,10.32414436340332
50.106074861339685,10.321097373962402
50.107285925826865,10.317106246948242
Abersfeld
50.0700592300746,10.380749702453613
50.07314419688341,10.379548072814941
50.07419083696138,10.384483337402344
50.07416329409412,10.388774871826172
50.07397049358029,10.391650199890137
50.07206998989068,10.391263961791992
50.07132629403006,10.389547348022461
50.07044486177886,10.38581371307373
Rednershof
50.08080066757781,10.415682792663574
Waldsachen
50.05700101252486,10.375814437866211
50.05727653905339,10.372295379638672
50.05540292745756,10.36808967590332
50.05424566021611,10.367660522460938
50.052289264025895,10.369935035705566
50.053115920034415,10.372939109802246
50.05383234372285,10.375428199768066
50.05556824907076,10.375041961669922
Marktsteinach
50.071216115884646,10.34313440322876
50.073350772392516,10.346674919128418
50.072923848692845,10.352532863616943
50.070802945584816,10.349764823913574
50.068516672248165,10.347168445587158
50.06759386840192,10.34562349319458
50.06840648764773,10.342319011688232
50.06660217880459,10.34085988998413
Eßleben
49.9469672526218,10.072832107543945
49.943349437959256,10.073819160461426
49.93992469131125,10.079355239868164
49.940173269826396,10.084333419799805
49.944067499123015,10.085835456848145
49.94702248432764,10.084505081176758
49.94796141363691,10.079483985900879
Schwanfeld
49.92558782740072,10.1369047164917
49.923211750149164,10.13162612915039
49.91771316885052,10.128707885742188
49.915474873266845,10.130596160888672
49.91787896439019,10.13664722442627
49.91942636193625,10.141239166259766
49.920669770406214,10.147032737731934
49.918044759359795,10.150766372680664
49.921774995459025,10.149564743041992
49.92346041488335,10.145831108093262
49.92525628876856,10.141324996948242
Theilheim
49.94528265517069,10.142312049865723
49.94268660276957,10.14312744140625
49.94000755095881,10.145702362060547
49.938267468434475,10.145316123962402
49.9390684666089,10.148234367370605
49.94061518401988,10.150980949401855
49.94343229171672,10.14986515045166
49.94537931399471,10.14937162399292
wipfeld
49.92246574825065,10.169305801391602
49.919067149074884,10.168876647949219
49.91677365002389,10.175056457519531
49.91680128319185,10.179176330566406
49.921001340582436,10.179262161254883
49.92431691692762,10.178060531616211
49.92359856140365,10.175313949584961
Hirschfeld
49.9482099506845,10.187244415283203
49.94757479790267,10.190677642822266
49.94525503832821,10.19007682800293
49.944316056262885,10.188016891479492
49.94047708626985,10.18707275390625
49.93967611151359,10.183167457580566
49.94318373001685,10.183553695678711
49.946525396695215,10.185785293579102
Gernach
49.9472986419068,10.236296653747559
49.94627685095527,10.229086875915527
49.942852312422,10.231618881225586
49.94207899583398,10.237841606140137
Unterspiesheim
49.95654900587391,10.2592134475708
49.957349700086695,10.264749526977539
49.95676988836596,10.267539024353027
49.95304236059077,10.267024040222168
49.95030865683509,10.266680717468262
49.94809948993278,10.26221752166748
49.94983921734684,10.256338119506836
49.95395356069276,10.255951881408691
Oberspiesheim
49.949038398247566,10.270586013793945
49.945862605205434,10.268783569335938
49.944813166695106,10.273675918579102
49.94500648603333,10.276637077331543
49.9472986419068,10.279555320739746
49.94939738776626,10.276379585266113
Grettstadt
49.98933895962393,10.304489135742188
49.99190490700852,10.310540199279785
49.989808013994946,10.313973426818848
49.988593981514626,10.317492485046387
49.98467575856138,10.31942367553711
49.98186106340291,10.319252014160156
49.982330190699514,10.314745903015137
49.98329602661114,10.311698913574219
49.98219221255775,10.308394432067871
49.982606145795835,10.304017066955566
49.98583470281715,10.302729606628418
49.987821399435106,10.311570167541504
Weyer
50.022106573262384,10.30693531036377
50.02442262970802,10.306077003479004
50.02486377065622,10.31440258026123
50.02194113638619,10.318865776062012
50.02125180993622,10.315303802490234
Schonungen
50.042285597668304,10.314831733703613
50.044848719116644,10.318050384521484
50.04705344527218,10.312643051147461
50.0496714260506,10.312385559082031
50.05171059634679,10.314745903015137
50.054962067037636,10.312557220458984
50.056835695848264,10.307836532592773
50.054548756715185,10.304746627807617
50.05187593068142,10.301742553710938
50.04969898298349,10.303759574890137
50.04721879565138,10.308308601379395
50.04440776173311,10.311527252197266
50.05146259377683,10.309038162231445
Forst
50.04151387838383,10.323801040649414
50.03900570503068,10.321698188781738
50.036552529615456,10.327062606811523
50.0362493194563,10.333800315856934
50.04032871389895,10.333027839660645
50.04063189829637,10.328779220581055
Mainberg
50.05694590702928,10.286035537719727
50.06245614330807,10.290241241455078
50.06204289754016,10.295047760009766
50.05832352543193,10.297365188598633
50.05832352543193,10.29242992401123
Hausen
50.066574631578625,10.311484336853027
50.06682255604265,10.31416654586792
50.06910891013847,10.314810276031494
50.07129874951744,10.314080715179443
50.073199283772844,10.315046310424805
50.07321305548533,10.308995246887207
50.07134006628044,10.307879447937012
50.06921909312514,10.309724807739258
Untereuerheim
50.01388918651852,10.349249839782715
50.01093830540672,10.351009368896484
50.00942142685015,10.358047485351562
50.01016608230595,10.361137390136719
50.01273091833977,10.36083698272705
50.0148268117391,10.360708236694336
50.01535077080547,10.356502532958984
Obereuerheim
50.00495325181778,10.367574691772461
50.00288451160003,10.361738204956055
50.00109153139558,10.360493659973145
49.99779503176601,10.361223220825195
49.99946399915798,10.365021228790283
49.9986364192628,10.368282794952393
50.00015363818892,10.370621681213379
50.00267763268158,10.369935035705566
50.00470500769241,10.364205837249756
Pusselsheim
49.98528282808259,10.380728244781494
49.98518624935306,10.383968353271484
49.98350298892651,10.388796329498291
49.9826199435091,10.386972427368164
49.98202663826525,10.384182929992676
49.98288209930917,10.381457805633545
Dürrfeld
49.98290969457344,10.36259651184082
49.98180587165547,10.368561744689941
49.97981892657768,10.370063781738281
49.97995691152626,10.366458892822266
49.97774910485938,10.362381935119629
49.98081240937428,10.362210273742676
Donnerstdorf
49.97325038526715,10.417098999023438
49.97253275919762,10.420660972595215
49.971069872914505,10.424909591674805
49.967812721095555,10.425596237182617
49.966239272192034,10.421347618103027
49.96692938769269,10.415811538696289
49.97084905602793,10.41452407836914
Falkenstein
49.96029006632398,10.426626205444336
49.95979311562636,10.430188179016113
49.95886822150444,10.42752742767334
Sulzheim
49.944316056262885,10.331439971923828
49.94939738776626,10.336246490478516
49.94983921734684,10.343027114868164
49.947464335694306,10.34414291381836
49.944316056262885,10.341567993164062
Alitzheim
49.93873702070349,10.324745178222656
49.93923418870656,10.333242416381836
49.93321258659891,10.331354141235352
49.93398604550227,10.325689315795898
Mönchstockheim
49.93254961194394,10.36062240600586
49.93398604550227,10.36611557006836
49.93348882334663,10.372037887573242
49.93177612998566,10.369033813476562
Vögnitz
49.93152750814832,10.389375686645508
49.92785328035893,10.391693115234375
Bischwind
49.925145775384436,10.396885871887207
49.92525628876856,10.400662422180176
49.9230736025204,10.40079116821289
49.92174736514148,10.395770072937012
Kleinrheinfeld
49.95503041131186,10.384440422058105
49.955555022120635,10.3875732421875
49.954284901909624,10.389504432678223
49.95298713578806,10.386371612548828
Traustadt
49.942493274121325,10.408215522766113
49.94221708899226,10.414652824401855
49.93727310734744,10.417098999023438
49.93680354081206,10.413622856140137
49.93895798489376,10.408387184143066
Altmannsdorf
49.93489760612973,10.432806015014648
49.93730072876585,10.435037612915039
49.93572628264589,10.437226295471191
Hundelshausen
49.9308921354036,10.424180030822754
49.928903088309056,10.424351692199707
49.9323838668551,10.430445671081543
49.929068845368896,10.429801940917969
Neuhausen
49.91840397983818,10.469584465026855
49.9192605717174,10.46698808670044
49.917630270866894,10.467588901519775
49.91811384042887,10.465507507324219
Pruessberg
49.91309829757014,10.440917015075684
49.91470111729434,10.445852279663086
49.91232450346395,10.44473648071289
Michelau
49.90690759707694,10.42379379272461
49.90833097579375,10.429823398590088
49.90712870720604,10.432806015014648
49.904668799935415,10.432848930358887
49.90215348414364,10.433084964752197
49.90173885905983,10.430209636688232
49.904074533860964,10.427892208099365
Sudrach
49.90055024740366,10.437462329864502
49.89908517414142,10.442290306091309
49.895740217517144,10.441818237304688
49.89792414109221,10.437655448913574
Dingolshausen
49.90851062254949,10.381221771240234
49.90403307316397,10.383539199829102
49.90336969716594,10.387787818908691
49.90613370364327,10.39555549621582
49.90947793973271,10.400233268737793
49.91063869474467,10.39954662322998
49.910003046650786,10.395469665527344
49.908842276340636,10.389461517333984
Gerolzhofen
49.91005832073064,10.347790718078613
49.909201565374225,10.352339744567871
49.91135724337161,10.359463691711426
49.9085658983397,10.363240242004395
49.90654829095543,10.360407829284668
49.90513867955577,10.356459617614746
49.90359082351219,10.356931686401367
49.900909598201984,10.359978675842285
49.898172936240364,10.360708236694336
49.894910853555665,10.358991622924805
49.891206187164684,10.356330871582031
49.89010026148286,10.352082252502441
49.89203561479573,10.346803665161133
49.89543611905302,10.340924263000488
49.89842173010565,10.344164371490479
49.90140715642715,10.341825485229492
49.90284451803129,10.335838794708252
49.90497284021239,10.334765911102295
49.907294539137716,10.343542098999023
49.89872580975446,10.352296829223633
Wiebelsberg
49.880131962870344,10.38480520248413
49.87866626967882,10.384719371795654
49.87787809551031,10.39083480834961
49.88085096590469,10.392701625823975
Mutzenroth
49.87425509437658,10.40006160736084
49.873204096620775,10.404267311096191
Duettingsfeld
49.871572238989124,10.392208099365234
49.86976053584519,10.39031982421875
49.871157351138905,10.389676094055176
Handthal
49.87273390600898,10.438406467437744
49.87071480017028,10.442783832550049
49.86981585603103,10.436818599700928
49.87016160575695,10.433063507080078
Oberschwarzach
49.865196402270236,10.411005020141602
49.86417287069586,10.406455993652344
49.8610606482361,10.403902530670166
49.859428380312465,10.405147075653076
49.857948225285206,10.40928840637207
49.85810039284638,10.412957668304443
49.86006469470543,10.415232181549072
49.86213957472647,10.413429737091064
49.861392628184035,10.410254001617432
Kammerforst
49.85087882218917,10.423986911773682
49.850837315790635,10.426990985870361
49.84960594308618,10.425875186920166
Breitbach
49.84818083214227,10.428900718688965
49.84797328820841,10.425081253051758
49.84520595060291,10.430359840393066
Schoenaich
49.82895848432297,10.439178943634033
49.82756044896784,10.44123888015747
49.82697907583584,10.437591075897217
Siegendorf
49.8378163829802,10.406928062438965
49.83432877902758,10.406026840209961
49.83574045854747,10.408387184143066
49.83670923437326,10.404481887817383
Schallfeld
49.87621873941696,10.353970527648926
49.87525075536214,10.353262424468994
49.87414446411099,10.354528427124023
49.871765852099536,10.355193614959717
49.86987117615352,10.355279445648193
49.8699264962126,10.35759687423706
49.87060416179451,10.359957218170166
49.87186265836368,10.360987186431885
49.87321792568711,10.361030101776123
49.87501567059185,10.358133316040039
Frankenwinheim
49.884459646312834,10.308094024658203
49.88191562380823,10.311055183410645
49.88268990571892,10.315561294555664
49.88556570123874,10.317535400390625
49.88792980866514,10.319616794586182
49.89018320678802,10.316097736358643
49.8883445524155,10.312278270721436
49.886091068450796,10.311806201934814
Lülsfeld
49.87101905439681,10.318822860717773
49.869110518915456,10.31667709350586
49.86565283503459,10.317492485046387
49.86559751008074,10.324702262878418
49.869055197921774,10.324058532714844
Bruennstadt
49.90547035653214,10.301249027252197
49.904212735926905,10.297708511352539
49.902775415087966,10.2996826171875
49.902015276178304,10.301978588104248
49.90182178436168,10.304124355316162
49.90350790125111,10.306377410888672
Zeilitzheim
49.90151772422476,10.263762474060059
49.89767534466118,10.263805389404297
49.89680454705007,10.266079902648926
49.89695659220982,10.269877910614014
49.89596137883285,10.27470588684082
49.89828351144999,10.279383659362793
49.900273821891346,10.275585651397705
49.90169739635547,10.270543098449707
49.89891931398772,10.268933773040771
Kolitzheim
49.92194077703163,10.237154960632324
49.91997899188182,10.233592987060547
49.918182921398966,10.23552417755127
49.91591701396254,10.237627029418945
49.91528143543767,10.239386558532715
49.91550250717911,10.242862701416016
49.919122412766214,10.242133140563965
49.92003425452799,10.238699913024902
Lindach
49.930021937400305,10.20256519317627
49.92875114383679,10.200891494750977
49.92683107696287,10.200140476226807
49.924731347937495,10.199990272521973
49.92354330284304,10.20153522491455
49.92404062760829,10.203208923339844
49.92557401333658,10.20702838897705
49.92684489066677,10.207092761993408
49.92808810780675,10.205183029174805
49.92604368929673,10.184798240661621
Stammheim
49.912283049857884,10.192909240722656
49.91040378229459,10.191149711608887
49.90831715678484,10.19005537033081
49.905815850957474,10.191256999969482
49.90338351759227,10.191385746002197
49.90417127534869,10.194733142852783
49.90487610033214,10.198981761932373
49.90728071983187,10.19606351852417
49.90968521946227,10.194947719573975
Herlheim
49.92467609067536,10.281271934509277
49.92296308413232,10.280156135559082
49.920835555779355,10.283675193786621
49.92061450848849,10.287795066833496
49.922769676343556,10.289468765258789
49.925311545365595,10.292472839355469
49.925145775384436,10.28770923614502
Ebertshausen
50.13740130062777,10.343842506408691
50.13982181442613,10.344035625457764
50.14239347615212,10.345237255096436
50.1445937186828,10.34712553024292
50.1445937186828,10.349700450897217
50.143356094712615,10.352983474731445
50.141238308308516,10.351095199584961
50.13862532575246,10.351073741912842
50.13902415863527,10.347747802734375
PfŠndhausen
50.14189840763496,10.21329402923584
50.13962927803912,10.21277904510498
50.13719500117468,10.20681381225586
50.14189840763496,10.203123092651367